1	0.88	0.88	0.88	0.88	0.88	0.88	0.88	0.88	0.88	0.88
2	0.79	0.79	0.79	0.79	0.79	0.835	0.835	0.835	0.835	0.835
3	0.776	0.608	0.608	0.776	0.776	0.8153	0.7593	0.7593	0.8153	0.8153
4	0.69	0.56	0.56	0.69	0.69	0.784	0.7095	0.7095	0.784	0.784
5	0.864	0.618	0.618	0.864	0.864	0.8	0.6912	0.6912	0.8	0.8
6	0.868	0.484	0.484	0.868	0.868	0.8113	0.6567	0.6567	0.8113	0.8113
7	0.854	0.734	0.734	0.854	0.854	0.8174	0.6677	0.6677	0.8174	0.8174
8	0.822	0.648	0.648	0.822	0.822	0.818	0.6652	0.6652	0.818	0.818
9	0.818	0.644	0.644	0.818	0.818	0.818	0.6629	0.6629	0.818	0.818
10	0.778	0.59	0.59	0.728	0.778	0.814	0.6556	0.6556	0.809	0.814
11	0.808	0.574	0.574	0.814	0.808	0.8135	0.6482	0.6482	0.8095	0.8135
12	0.852	0.574	0.574	0.834	0.852	0.8167	0.642	0.642	0.8115	0.8167
13	0.716	0.584	0.584	0.702	0.716	0.8089	0.6375	0.6375	0.8031	0.8089
14	0.578	0.5	0.5	0.574	0.578	0.7924	0.6277	0.6277	0.7867	0.7924
15	0.764	0.45	0.45	0.764	0.764	0.7905	0.6159	0.6159	0.7852	0.7905
16	0.878	0.476	0.476	0.884	0.878	0.796	0.6071	0.6071	0.7914	0.796
17	0.904	0.472	0.472	0.9	0.904	0.8024	0.5992	0.5992	0.7978	0.8024
18	0.796	0.536	0.536	0.796	0.796	0.802	0.5957	0.5957	0.7977	0.802
19	0.834	0.474	0.474	0.838	0.834	0.8037	0.5893	0.5893	0.7998	0.8037
20	0.866	0.456	0.456	0.868	0.866	0.8068	0.5826	0.5826	0.8032	0.8068
21	0.832	0.582	0.582	0.846	0.832	0.808	0.5826	0.5826	0.8052	0.808
22	0.8	0.62	0.62	0.808	0.8	0.8076	0.5843	0.5843	0.8054	0.8076
23	0.482	0.482	0.482	0.482	0.482	0.7935	0.5798	0.5798	0.7913	0.7935
24	0.662	0.516	0.516	0.644	0.662	0.788	0.5772	0.5772	0.7852	0.788
25	0.814	0.49	0.49	0.796	0.814	0.789	0.5737	0.5737	0.7856	0.789
26	0.818	0.528	0.528	0.802	0.818	0.7902	0.5719	0.5719	0.7862	0.7902
27	0.854	0.468	0.468	0.848	0.854	0.7925	0.5681	0.5681	0.7885	0.7925
28	0.768	0.562	0.562	0.762	0.768	0.7916	0.5679	0.5679	0.7876	0.7916
29	0.764	0.586	0.586	0.774	0.764	0.7907	0.5685	0.5685	0.7871	0.7907
30	0.752	0.598	0.598	0.752	0.752	0.7894	0.5695	0.5695	0.7859	0.7894
31	0.612	0.56	0.56	0.612	0.612	0.7837	0.5692	0.5692	0.7803	0.7837
32	0.782	0.596	0.596	0.786	0.782	0.7836	0.57	0.57	0.7805	0.7836
33	0.762	0.684	0.684	0.76	0.762	0.783	0.5735	0.5735	0.7799	0.783
34	0.71	0.636	0.636	0.708	0.71	0.7808	0.5753	0.5753	0.7778	0.7808
35	0.478	0.536	0.536	0.478	0.478	0.7722	0.5742	0.5742	0.7692	0.7722
36	0.852	0.652	0.652	0.852	0.852	0.7744	0.5763	0.5763	0.7715	0.7744
37	0.814	0.638	0.638	0.81	0.814	0.7755	0.578	0.578	0.7725	0.7755
38	0.484	0.48	0.48	0.48	0.484	0.7678	0.5754	0.5754	0.7648	0.7678
39	0.678	0.504	0.504	0.674	0.678	0.7655	0.5736	0.5736	0.7625	0.7655
40	0.524	0.522	0.522	0.522	0.524	0.7594	0.5723	0.5723	0.7565	0.7594
41	0.566	0.59	0.59	0.566	0.566	0.7547	0.5727	0.5727	0.7519	0.7547
42	0.696	0.772	0.772	0.7	0.696	0.7533	0.5775	0.5775	0.7506	0.7533
43	0.772	0.68	0.68	0.776	0.772	0.7538	0.5799	0.5799	0.7512	0.7538
44	0.802	0.636	0.636	0.806	0.802	0.7549	0.5811	0.5811	0.7525	0.7549
45	0.552	0.51	0.51	0.554	0.552	0.7504	0.5796	0.5796	0.748	0.7504
46	0.694	0.66	0.66	0.694	0.694	0.7491	0.5813	0.5813	0.7469	0.7491
47	0.614	0.548	0.548	0.628	0.614	0.7463	0.5806	0.5806	0.7443	0.7463
48	0.814	0.688	0.688	0.814	0.814	0.7477	0.5828	0.5828	0.7458	0.7477
49	0.692	0.558	0.558	0.692	0.692	0.7465	0.5823	0.5823	0.7447	0.7465
50	0.716	0.55	0.55	0.712	0.716	0.7459	0.5817	0.5817	0.744	0.7459
51	0.77	0.566	0.566	0.772	0.77	0.7464	0.5814	0.5814	0.7446	0.7464
52	0.708	0.622	0.622	0.688	0.708	0.7457	0.5822	0.5822	0.7435	0.7457
53	0.718	0.558	0.558	0.71	0.718	0.7451	0.5817	0.5817	0.7429	0.7451
54	0.628	0.56	0.56	0.626	0.628	0.743	0.5813	0.5813	0.7407	0.743
55	0.654	0.62	0.62	0.654	0.654	0.7413	0.582	0.582	0.7391	0.7413
56	0.642	0.638	0.638	0.642	0.642	0.7396	0.583	0.583	0.7374	0.7396
57	0.628	0.6	0.6	0.626	0.628	0.7376	0.5833	0.5833	0.7354	0.7376
58	0.64	0.624	0.624	0.64	0.64	0.7359	0.584	0.584	0.7338	0.7359
59	0.596	0.584	0.584	0.596	0.596	0.7336	0.584	0.584	0.7315	0.7336
60	0.632	0.624	0.624	0.632	0.632	0.7319	0.5847	0.5847	0.7298	0.7319
61	0.648	0.618	0.618	0.646	0.648	0.7305	0.5852	0.5852	0.7284	0.7305
62	0.648	0.626	0.626	0.648	0.648	0.7292	0.5859	0.5859	0.7271	0.7292
63	0.578	0.536	0.536	0.578	0.578	0.7268	0.5851	0.5851	0.7248	0.7268
64	0.564	0.56	0.56	0.564	0.564	0.7242	0.5847	0.5847	0.7223	0.7242
65	0.542	0.53	0.53	0.542	0.542	0.7214	0.5838	0.5838	0.7195	0.7214
66	0.574	0.572	0.572	0.572	0.574	0.7192	0.5837	0.5837	0.7172	0.7192
67	0.69	0.658	0.658	0.69	0.69	0.7187	0.5848	0.5848	0.7168	0.7187
68	0.512	0.504	0.504	0.512	0.512	0.7157	0.5836	0.5836	0.7138	0.7157
69	0.654	0.654	0.654	0.654	0.654	0.7148	0.5846	0.5846	0.713	0.7148
70	0.8	0.702	0.702	0.798	0.8	0.716	0.5863	0.5863	0.7142	0.716
71	0.87	0.686	0.686	0.87	0.87	0.7182	0.5877	0.5877	0.7164	0.7182
72	0.736	0.66	0.66	0.74	0.736	0.7184	0.5887	0.5887	0.7167	0.7184
73	0.698	0.638	0.638	0.698	0.698	0.7182	0.5894	0.5894	0.7164	0.7182
74	0.794	0.668	0.668	0.794	0.794	0.7192	0.5904	0.5904	0.7175	0.7192
75	0.804	0.654	0.654	0.798	0.804	0.7203	0.5913	0.5913	0.7186	0.7203
76	0.816	0.548	0.548	0.81	0.816	0.7216	0.5907	0.5907	0.7198	0.7216
77	0.82	0.516	0.516	0.824	0.82	0.7229	0.5897	0.5897	0.7211	0.7229
78	0.758	0.486	0.486	0.75	0.758	0.7233	0.5884	0.5884	0.7215	0.7233
79	0.878	0.406	0.406	0.88	0.878	0.7253	0.5861	0.5861	0.7235	0.7253
80	0.854	0.522	0.522	0.844	0.854	0.7269	0.5853	0.5853	0.725	0.7269
81	0.806	0.416	0.416	0.822	0.806	0.7279	0.5832	0.5832	0.7262	0.7279
82	0.848	0.448	0.448	0.84	0.848	0.7293	0.5816	0.5816	0.7276	0.7293
83	0.83	0.54	0.54	0.85	0.83	0.7305	0.5811	0.5811	0.7291	0.7305
84	0.836	0.55	0.55	0.836	0.836	0.7318	0.5807	0.5807	0.7303	0.7318
85	0.826	0.52	0.52	0.832	0.826	0.7329	0.58	0.58	0.7315	0.7329
86	0.822	0.582	0.582	0.832	0.822	0.7339	0.58	0.58	0.7327	0.7339
87	0.754	0.684	0.684	0.758	0.754	0.7342	0.5812	0.5812	0.733	0.7342
88	0.702	0.562	0.562	0.704	0.702	0.7338	0.581	0.581	0.7327	0.7338
89	0.812	0.59	0.59	0.816	0.812	0.7347	0.5811	0.5811	0.7336	0.7347
90	0.7884615384615384	0.47435897435897434	0.47435897435897434	0.8076923076923077	0.7884615384615384	0.7353	0.5799	0.5799	0.7344	0.7353
