1	0.576	0.528	0.528	0.574	0.576	0.576	0.528	0.528	0.574	0.576
2	0.32	0.576	0.576	0.568	0.32	0.448	0.552	0.552	0.571	0.448
3	0.438	0.338	0.338	0.396	0.438	0.4447	0.4807	0.4807	0.5127	0.4447
4	0.318	0.158	0.158	0.352	0.318	0.413	0.4	0.4	0.4725	0.413
5	0.34	0.122	0.122	0.43	0.34	0.3984	0.3444	0.3444	0.464	0.3984
6	0.398	0.004	0.004	0.408	0.398	0.3983	0.2877	0.2877	0.4547	0.3983
7	0.712	0.0	0.0	0.692	0.712	0.4431	0.2466	0.2466	0.4886	0.4431
8	0.632	0.002	0.002	0.638	0.632	0.4668	0.216	0.216	0.5072	0.4668
9	0.608	0.002	0.002	0.554	0.608	0.4824	0.1922	0.1922	0.5124	0.4824
10	0.602	0.0	0.0	0.554	0.602	0.4944	0.173	0.173	0.5166	0.4944
11	0.554	0.0	0.0	0.314	0.554	0.4998	0.1573	0.1573	0.4982	0.4998
12	0.558	0.0	0.0	0.6	0.558	0.5047	0.1442	0.1442	0.5067	0.5047
13	0.208	0.0	0.0	0.164	0.208	0.4818	0.1331	0.1331	0.4803	0.4818
14	0.316	0.0	0.0	0.378	0.316	0.47	0.1236	0.1236	0.473	0.47
15	0.504	0.0	0.0	0.428	0.504	0.4723	0.1153	0.1153	0.47	0.4723
16	0.486	0.0	0.0	0.422	0.486	0.4731	0.1081	0.1081	0.467	0.4731
17	0.48	0.0	0.0	0.446	0.48	0.4735	0.1018	0.1018	0.4658	0.4735
18	0.562	0.0	0.0	0.46	0.562	0.4784	0.0961	0.0961	0.4654	0.4784
19	0.674	0.0	0.0	0.676	0.674	0.4887	0.0911	0.0911	0.4765	0.4887
20	0.388	0.0	0.0	0.386	0.388	0.4837	0.0865	0.0865	0.472	0.4837
21	0.41	0.0	0.0	0.434	0.41	0.4802	0.0824	0.0824	0.4702	0.4802
22	0.418	0.0	0.0	0.358	0.418	0.4774	0.0786	0.0786	0.4651	0.4774
23	0.402	0.0	0.0	0.394	0.402	0.4741	0.0752	0.0752	0.462	0.4741
24	0.194	0.0	0.0	0.228	0.194	0.4624	0.0721	0.0721	0.4522	0.4624
25	0.366	0.0	0.0	0.4	0.366	0.4586	0.0692	0.0692	0.4502	0.4586
26	0.538	0.0	0.0	0.54	0.538	0.4616	0.0665	0.0665	0.4536	0.4616
27	0.508	0.0	0.0	0.51	0.508	0.4633	0.0641	0.0641	0.4557	0.4633
28	0.462	0.0	0.0	0.41	0.462	0.4633	0.0618	0.0618	0.4541	0.4633
29	0.598	0.0	0.0	0.6	0.598	0.4679	0.0597	0.0597	0.4591	0.4679
30	0.698	0.0	0.0	0.706	0.698	0.4756	0.0577	0.0577	0.4673	0.4756
31	0.856	0.0	0.0	0.856	0.856	0.4879	0.0558	0.0558	0.4799	0.4879
32	0.808	0.0	0.0	0.826	0.808	0.4979	0.0541	0.0541	0.4907	0.4979
33	0.75	0.0	0.0	0.76	0.75	0.5055	0.0524	0.0524	0.4988	0.5055
34	0.774	0.0	0.0	0.774	0.774	0.5134	0.0509	0.0509	0.5069	0.5134
35	0.792	0.0	0.0	0.792	0.792	0.5214	0.0494	0.0494	0.5151	0.5214
36	0.774	0.0	0.0	0.774	0.774	0.5284	0.0481	0.0481	0.5223	0.5284
37	0.73	0.0	0.0	0.73	0.73	0.5338	0.0468	0.0468	0.5279	0.5338
38	0.828	0.0	0.0	0.828	0.828	0.5416	0.0455	0.0455	0.5358	0.5416
39	0.772	0.0	0.0	0.772	0.772	0.5475	0.0444	0.0444	0.5418	0.5475
40	0.78	0.0	0.0	0.78	0.78	0.5533	0.0432	0.0432	0.5478	0.5533
41	0.834	0.0	0.0	0.834	0.834	0.5601	0.0422	0.0422	0.5548	0.5601
42	0.832	0.0	0.0	0.832	0.832	0.5666	0.0412	0.0412	0.5614	0.5666
43	0.856	0.0	0.0	0.856	0.856	0.5733	0.0402	0.0402	0.5682	0.5733
44	0.856	0.0	0.0	0.856	0.856	0.5798	0.0393	0.0393	0.5748	0.5798
45	0.856	0.0	0.0	0.856	0.856	0.5859	0.0384	0.0384	0.581	0.5859
46	0.79	0.0	0.0	0.79	0.79	0.5903	0.0376	0.0376	0.5856	0.5903
47	0.748	0.0	0.0	0.748	0.748	0.5937	0.0368	0.0368	0.589	0.5937
48	0.832	0.0	0.0	0.832	0.832	0.5987	0.036	0.036	0.5941	0.5987
49	0.782	0.0	0.0	0.782	0.782	0.6024	0.0353	0.0353	0.5979	0.6024
50	0.828	0.0	0.0	0.828	0.828	0.6069	0.0346	0.0346	0.6025	0.6069
51	0.806	0.0	0.0	0.806	0.806	0.6108	0.0339	0.0339	0.6065	0.6108
52	0.868	0.0	0.0	0.868	0.868	0.6158	0.0333	0.0333	0.6115	0.6158
53	0.834	0.0	0.0	0.834	0.834	0.6199	0.0326	0.0326	0.6157	0.6199
54	0.792	0.0	0.0	0.792	0.792	0.6231	0.032	0.032	0.619	0.6231
55	0.774	0.0	0.0	0.774	0.774	0.6258	0.0315	0.0315	0.6218	0.6258
56	0.856	0.0	0.0	0.852	0.856	0.6299	0.0309	0.0309	0.6259	0.6299
57	0.792	0.0	0.0	0.778	0.792	0.6328	0.0304	0.0304	0.6286	0.6328
58	0.82	0.0	0.0	0.812	0.82	0.636	0.0298	0.0298	0.6318	0.636
59	0.84	0.0	0.0	0.83	0.84	0.6395	0.0293	0.0293	0.6351	0.6395
60	0.806	0.0	0.0	0.806	0.806	0.6422	0.0288	0.0288	0.638	0.6422
61	0.802	0.0	0.0	0.802	0.802	0.6449	0.0284	0.0284	0.6407	0.6449
62	0.818	0.0	0.0	0.818	0.818	0.6476	0.0279	0.0279	0.6435	0.6476
63	0.732	0.0	0.0	0.724	0.732	0.649	0.0275	0.0275	0.6448	0.649
64	0.722	0.0	0.0	0.706	0.722	0.6501	0.027	0.027	0.6457	0.6501
65	0.824	0.0	0.0	0.804	0.824	0.6528	0.0266	0.0266	0.6482	0.6528
66	0.748	0.0	0.0	0.718	0.748	0.6542	0.0262	0.0262	0.6492	0.6542
67	0.786	0.0	0.0	0.77	0.786	0.6562	0.0258	0.0258	0.651	0.6562
68	0.804	0.0	0.0	0.792	0.804	0.6584	0.0254	0.0254	0.6531	0.6584
69	0.762	0.0	0.0	0.754	0.762	0.6599	0.0251	0.0251	0.6546	0.6599
70	0.63	0.0	0.0	0.63	0.63	0.6595	0.0247	0.0247	0.6542	0.6595
71	0.742	0.0	0.0	0.74	0.742	0.6606	0.0244	0.0244	0.6554	0.6606
72	0.778	0.0	0.0	0.776	0.778	0.6623	0.024	0.024	0.6571	0.6623
73	0.66	0.0	0.0	0.66	0.66	0.6622	0.0237	0.0237	0.6572	0.6622
74	0.676	0.0	0.0	0.676	0.676	0.6624	0.0234	0.0234	0.6574	0.6624
75	0.778	0.0	0.0	0.778	0.778	0.6639	0.0231	0.0231	0.659	0.6639
76	0.784	0.0	0.0	0.784	0.784	0.6655	0.0228	0.0228	0.6607	0.6655
77	0.588	0.0	0.0	0.588	0.588	0.6645	0.0225	0.0225	0.6597	0.6645
78	0.798	0.0	0.0	0.81	0.798	0.6662	0.0222	0.0222	0.6616	0.6662
79	0.796	0.0	0.0	0.808	0.796	0.6679	0.0219	0.0219	0.6635	0.6679
80	0.66	0.0	0.0	0.674	0.66	0.6678	0.0216	0.0216	0.6636	0.6678
81	0.728	0.0	0.0	0.752	0.728	0.6685	0.0214	0.0214	0.6647	0.6685
82	0.754	0.0	0.0	0.766	0.754	0.6696	0.0211	0.0211	0.666	0.6696
83	0.754	0.0	0.0	0.758	0.754	0.6706	0.0208	0.0208	0.6671	0.6706
84	0.604	0.0	0.0	0.626	0.604	0.6698	0.0206	0.0206	0.6666	0.6698
85	0.734	0.0	0.0	0.75	0.734	0.6705	0.0204	0.0204	0.6676	0.6705
86	0.77	0.0	0.0	0.786	0.77	0.6717	0.0201	0.0201	0.6689	0.6717
87	0.6	0.0	0.0	0.624	0.6	0.6709	0.0199	0.0199	0.6684	0.6709
88	0.702	0.0	0.0	0.722	0.702	0.6712	0.0197	0.0197	0.669	0.6712
89	0.734	0.0	0.0	0.752	0.734	0.6719	0.0194	0.0194	0.67	0.6719
90	0.764	0.0	0.0	0.784	0.764	0.673	0.0192	0.0192	0.6712	0.673
91	0.606	0.0	0.0	0.638	0.606	0.6722	0.019	0.019	0.6709	0.6722
92	0.794	0.0	0.0	0.806	0.794	0.6735	0.0188	0.0188	0.6723	0.6735
93	0.814	0.0	0.0	0.824	0.814	0.6751	0.0186	0.0186	0.674	0.6751
94	0.78	0.0	0.0	0.788	0.78	0.6762	0.0184	0.0184	0.6752	0.6762
95	0.674	0.0	0.0	0.674	0.674	0.6761	0.0182	0.0182	0.6752	0.6761
96	0.836	0.0	0.0	0.846	0.836	0.6778	0.018	0.018	0.6769	0.6778
97	0.832	0.0	0.0	0.854	0.832	0.6794	0.0178	0.0178	0.6788	0.6794
98	0.702	0.0	0.0	0.73	0.702	0.6796	0.0177	0.0177	0.6793	0.6796
99	0.87	0.0	0.0	0.868	0.87	0.6816	0.0175	0.0175	0.6812	0.6816
100	0.818	0.0	0.0	0.818	0.818	0.6829	0.0173	0.0173	0.6826	0.6829
101	0.798	0.0	0.0	0.796	0.798	0.6841	0.0171	0.0171	0.6837	0.6841
102	0.852	0.0	0.0	0.852	0.852	0.6857	0.017	0.017	0.6853	0.6857
103	0.742	0.0	0.0	0.742	0.742	0.6863	0.0168	0.0168	0.6859	0.6863
104	0.85	0.0	0.0	0.85	0.85	0.6878	0.0166	0.0166	0.6875	0.6878
105	0.732	0.0	0.0	0.73	0.732	0.6882	0.0165	0.0165	0.6879	0.6882
106	0.806	0.0	0.0	0.802	0.806	0.6894	0.0163	0.0163	0.6889	0.6894
107	0.69	0.0	0.0	0.688	0.69	0.6894	0.0162	0.0162	0.6889	0.6894
108	0.786	0.0	0.0	0.778	0.786	0.6903	0.016	0.016	0.6898	0.6903
109	0.694	0.0	0.0	0.692	0.694	0.6903	0.0159	0.0159	0.6898	0.6903
110	0.766	0.0	0.0	0.734	0.766	0.691	0.0157	0.0157	0.6902	0.691
111	0.646	0.0	0.0	0.614	0.646	0.6906	0.0156	0.0156	0.6895	0.6906
112	0.718	0.0	0.0	0.718	0.718	0.6908	0.0154	0.0154	0.6898	0.6908
113	0.566	0.0	0.0	0.566	0.566	0.6897	0.0153	0.0153	0.6887	0.6897
114	0.648	0.0	0.0	0.648	0.648	0.6894	0.0152	0.0152	0.6883	0.6894
115	0.64	0.0	0.0	0.64	0.64	0.6889	0.015	0.015	0.6879	0.6889
116	0.544	0.0	0.0	0.544	0.544	0.6877	0.0149	0.0149	0.6866	0.6877
117	0.666	0.0	0.0	0.666	0.666	0.6875	0.0148	0.0148	0.6865	0.6875
118	0.59	0.0	0.0	0.59	0.59	0.6867	0.0147	0.0147	0.6856	0.6867
119	0.602	0.0	0.0	0.602	0.602	0.6859	0.0145	0.0145	0.6849	0.6859
120	0.67	0.0	0.0	0.67	0.67	0.6858	0.0144	0.0144	0.6848	0.6858
121	0.636	0.0	0.0	0.636	0.636	0.6854	0.0143	0.0143	0.6844	0.6854
122	0.628	0.0	0.0	0.628	0.628	0.6849	0.0142	0.0142	0.684	0.6849
123	0.684	0.0	0.0	0.684	0.684	0.6849	0.0141	0.0141	0.684	0.6849
124	0.73	0.0	0.0	0.73	0.73	0.6853	0.014	0.014	0.6843	0.6853
125	0.67	0.0	0.0	0.67	0.67	0.6852	0.0138	0.0138	0.6842	0.6852
126	0.654	0.0	0.0	0.654	0.654	0.6849	0.0137	0.0137	0.684	0.6849
127	0.704	0.0	0.0	0.704	0.704	0.6851	0.0136	0.0136	0.6841	0.6851
128	0.684	0.0	0.0	0.684	0.684	0.6851	0.0135	0.0135	0.6841	0.6851
129	0.72	0.0	0.0	0.72	0.72	0.6853	0.0134	0.0134	0.6844	0.6853
130	0.714	0.0	0.0	0.712	0.714	0.6856	0.0133	0.0133	0.6846	0.6856
131	0.692	0.0	0.0	0.694	0.692	0.6856	0.0132	0.0132	0.6847	0.6856
132	0.666	0.0	0.0	0.668	0.666	0.6855	0.0131	0.0131	0.6846	0.6855
133	0.826	0.0	0.0	0.838	0.826	0.6865	0.013	0.013	0.6857	0.6865
134	0.734	0.0	0.0	0.738	0.734	0.6869	0.0129	0.0129	0.6861	0.6869
135	0.838	0.0	0.0	0.848	0.838	0.688	0.0128	0.0128	0.6873	0.688
136	0.742	0.0	0.0	0.744	0.742	0.6884	0.0127	0.0127	0.6877	0.6884
137	0.844	0.0	0.0	0.85	0.844	0.6895	0.0126	0.0126	0.6889	0.6895
138	0.758	0.0	0.0	0.768	0.758	0.69	0.0125	0.0125	0.6895	0.69
139	0.886	0.0	0.0	0.888	0.886	0.6914	0.0124	0.0124	0.6909	0.6914
140	0.738	0.0	0.0	0.742	0.738	0.6918	0.0124	0.0124	0.6913	0.6918
141	0.75	0.0	0.0	0.75	0.75	0.6922	0.0123	0.0123	0.6917	0.6922
142	0.726	0.0	0.0	0.732	0.726	0.6924	0.0122	0.0122	0.692	0.6924
143	0.644	0.0	0.0	0.644	0.644	0.6921	0.0121	0.0121	0.6916	0.6921
144	0.716	0.0	0.0	0.716	0.716	0.6922	0.012	0.012	0.6918	0.6922
145	0.61	0.0	0.0	0.61	0.61	0.6917	0.0119	0.0119	0.6912	0.6917
146	0.648	0.0	0.0	0.648	0.648	0.6914	0.0118	0.0118	0.6909	0.6914
147	0.774	0.0	0.0	0.774	0.774	0.6919	0.0118	0.0118	0.6915	0.6919
148	0.736	0.0	0.0	0.736	0.736	0.6922	0.0117	0.0117	0.6918	0.6922
149	0.674	0.0	0.0	0.674	0.674	0.6921	0.0116	0.0116	0.6917	0.6921
150	0.768	0.0	0.0	0.768	0.768	0.6926	0.0115	0.0115	0.6922	0.6926
151	0.83	0.0	0.0	0.83	0.83	0.6935	0.0115	0.0115	0.6931	0.6935
152	0.844	0.0	0.0	0.844	0.844	0.6945	0.0114	0.0114	0.6941	0.6945
153	0.81	0.0	0.0	0.81	0.81	0.6953	0.0113	0.0113	0.6949	0.6953
154	0.806	0.0	0.0	0.806	0.806	0.696	0.0112	0.0112	0.6956	0.696
155	0.818	0.0	0.0	0.818	0.818	0.6968	0.0112	0.0112	0.6964	0.6968
156	0.774	0.0	0.0	0.774	0.774	0.6973	0.0111	0.0111	0.6969	0.6973
157	0.8	0.0	0.0	0.8	0.8	0.6979	0.011	0.011	0.6975	0.6979
158	0.826	0.0	0.0	0.826	0.826	0.6987	0.0109	0.0109	0.6983	0.6987
159	0.782	0.0	0.0	0.782	0.782	0.6993	0.0109	0.0109	0.6989	0.6993
160	0.814	0.0	0.0	0.814	0.814	0.7	0.0108	0.0108	0.6996	0.7
161	0.73	0.0	0.0	0.73	0.73	0.7002	0.0107	0.0107	0.6998	0.7002
162	0.74	0.0	0.0	0.74	0.74	0.7004	0.0107	0.0107	0.7	0.7004
163	0.794	0.0	0.0	0.794	0.794	0.701	0.0106	0.0106	0.7006	0.701
164	0.792	0.0	0.0	0.788	0.792	0.7015	0.0105	0.0105	0.7011	0.7015
165	0.774	0.0	0.0	0.766	0.774	0.702	0.0105	0.0105	0.7015	0.702
166	0.836	0.0	0.0	0.836	0.836	0.7028	0.0104	0.0104	0.7023	0.7028
167	0.78	0.0	0.0	0.766	0.78	0.7032	0.0104	0.0104	0.7027	0.7032
168	0.738	0.0	0.0	0.718	0.738	0.7035	0.0103	0.0103	0.7028	0.7035
169	0.784	0.0	0.0	0.774	0.784	0.7039	0.0102	0.0102	0.7032	0.7039
170	0.792	0.0	0.0	0.744	0.792	0.7044	0.0102	0.0102	0.7035	0.7044
171	0.746	0.0	0.0	0.696	0.746	0.7047	0.0101	0.0101	0.7034	0.7047
172	0.782	0.0	0.0	0.774	0.782	0.7051	0.0101	0.0101	0.7038	0.7051
173	0.742	0.0	0.0	0.734	0.742	0.7054	0.01	0.01	0.704	0.7054
174	0.786	0.0	0.0	0.776	0.786	0.7058	0.0099	0.0099	0.7044	0.7058
175	0.78	0.0	0.0	0.758	0.78	0.7062	0.0099	0.0099	0.7047	0.7062
176	0.874	0.0	0.0	0.86	0.874	0.7072	0.0098	0.0098	0.7056	0.7072
177	0.81	0.0	0.0	0.806	0.81	0.7078	0.0098	0.0098	0.7062	0.7078
178	0.79	0.0	0.0	0.782	0.79	0.7082	0.0097	0.0097	0.7066	0.7082
179	0.822	0.0	0.0	0.82	0.822	0.7089	0.0097	0.0097	0.7072	0.7089
180	0.738	0.0	0.0	0.738	0.738	0.709	0.0096	0.0096	0.7074	0.709
181	0.864	0.0	0.0	0.86	0.864	0.7099	0.0096	0.0096	0.7083	0.7099
182	0.904	0.0	0.0	0.904	0.904	0.711	0.0095	0.0095	0.7093	0.711
183	0.906	0.0	0.0	0.898	0.906	0.712	0.0095	0.0095	0.7104	0.712
184	0.916	0.0	0.0	0.896	0.916	0.7131	0.0094	0.0094	0.7114	0.7131
185	0.91	0.0	0.0	0.906	0.91	0.7142	0.0094	0.0094	0.7124	0.7142
186	0.908	0.0	0.0	0.908	0.908	0.7152	0.0093	0.0093	0.7135	0.7152
187	0.902	0.0	0.0	0.9	0.902	0.7162	0.0093	0.0093	0.7145	0.7162
188	0.872	0.0	0.0	0.872	0.872	0.7171	0.0092	0.0092	0.7153	0.7171
189	0.884	0.0	0.0	0.884	0.884	0.7179	0.0092	0.0092	0.7162	0.7179
190	0.86	0.0	0.0	0.86	0.86	0.7187	0.0091	0.0091	0.717	0.7187
191	0.872	0.0	0.0	0.872	0.872	0.7195	0.0091	0.0091	0.7178	0.7195
192	0.842	0.0	0.0	0.842	0.842	0.7201	0.009	0.009	0.7184	0.7201
193	0.824	0.0	0.0	0.824	0.824	0.7207	0.009	0.009	0.719	0.7207
194	0.82	0.0	0.0	0.82	0.82	0.7212	0.0089	0.0089	0.7195	0.7212
195	0.812	0.0	0.0	0.812	0.812	0.7217	0.0089	0.0089	0.72	0.7217
196	0.79	0.0	0.0	0.784	0.79	0.722	0.0088	0.0088	0.7203	0.722
197	0.79	0.0	0.0	0.79	0.79	0.7223	0.0088	0.0088	0.7206	0.7223
198	0.798	0.0	0.0	0.798	0.798	0.7227	0.0087	0.0087	0.721	0.7227
199	0.78	0.0	0.0	0.78	0.78	0.723	0.0087	0.0087	0.7213	0.723
200	0.776	0.0	0.0	0.776	0.776	0.7233	0.0086	0.0086	0.7216	0.7233
201	0.704	0.0	0.0	0.704	0.704	0.7232	0.0086	0.0086	0.7215	0.7232
202	0.7	0.0	0.0	0.7	0.7	0.7231	0.0086	0.0086	0.7214	0.7231
203	0.73	0.0	0.0	0.734	0.73	0.7231	0.0085	0.0085	0.7215	0.7231
204	0.778	0.0	0.0	0.786	0.778	0.7234	0.0085	0.0085	0.7218	0.7234
205	0.68	0.0	0.0	0.692	0.68	0.7232	0.0084	0.0084	0.7216	0.7232
206	0.686	0.0	0.0	0.698	0.686	0.723	0.0084	0.0084	0.7215	0.723
207	0.768	0.0	0.0	0.774	0.768	0.7232	0.0084	0.0084	0.7218	0.7232
208	0.708	0.0	0.0	0.72	0.708	0.7231	0.0083	0.0083	0.7218	0.7231
209	0.7	0.0	0.0	0.706	0.7	0.723	0.0083	0.0083	0.7217	0.723
210	0.872	0.0	0.0	0.872	0.872	0.7237	0.0082	0.0082	0.7224	0.7237
211	0.754	0.0	0.0	0.758	0.754	0.7239	0.0082	0.0082	0.7226	0.7239
212	0.866	0.0	0.0	0.866	0.866	0.7245	0.0082	0.0082	0.7233	0.7245
213	0.766	0.0	0.0	0.766	0.766	0.7247	0.0081	0.0081	0.7235	0.7247
214	0.838	0.0	0.0	0.838	0.838	0.7253	0.0081	0.0081	0.724	0.7253
215	0.786	0.0	0.0	0.786	0.786	0.7255	0.008	0.008	0.7243	0.7255
216	0.858	0.0	0.0	0.858	0.858	0.7262	0.008	0.008	0.7249	0.7262
217	0.806	0.0	0.0	0.806	0.806	0.7265	0.008	0.008	0.7253	0.7265
218	0.87	0.0	0.0	0.87	0.87	0.7272	0.0079	0.0079	0.7259	0.7272
219	0.804	0.0	0.0	0.804	0.804	0.7275	0.0079	0.0079	0.7263	0.7275
220	0.886	0.0	0.0	0.886	0.886	0.7283	0.0079	0.0079	0.727	0.7283
221	0.844	0.0	0.0	0.844	0.844	0.7288	0.0078	0.0078	0.7275	0.7288
222	0.852	0.0	0.0	0.852	0.852	0.7293	0.0078	0.0078	0.7281	0.7293
223	0.888	0.0	0.0	0.888	0.888	0.73	0.0078	0.0078	0.7288	0.73
224	0.816	0.0	0.0	0.816	0.816	0.7304	0.0077	0.0077	0.7292	0.7304
225	0.87	0.0	0.0	0.87	0.87	0.731	0.0077	0.0077	0.7298	0.731
226	0.814	0.0	0.0	0.814	0.814	0.7314	0.0077	0.0077	0.7302	0.7314
227	0.872	0.0	0.0	0.872	0.872	0.732	0.0076	0.0076	0.7308	0.732
228	0.834	0.0	0.0	0.834	0.834	0.7325	0.0076	0.0076	0.7313	0.7325
229	0.886	0.0	0.0	0.886	0.886	0.7332	0.0076	0.0076	0.732	0.7332
230	0.802	0.0	0.0	0.802	0.802	0.7335	0.0075	0.0075	0.7323	0.7335
231	0.866	0.0	0.0	0.866	0.866	0.734	0.0075	0.0075	0.7328	0.734
232	0.682	0.0	0.0	0.682	0.682	0.7338	0.0075	0.0075	0.7326	0.7338
233	0.804	0.0	0.0	0.804	0.804	0.7341	0.0074	0.0074	0.7329	0.7341
234	0.872	0.0	0.0	0.872	0.872	0.7347	0.0074	0.0074	0.7335	0.7347
235	0.816	0.0	0.0	0.816	0.816	0.735	0.0074	0.0074	0.7339	0.735
236	0.794	0.0	0.0	0.794	0.794	0.7353	0.0073	0.0073	0.7341	0.7353
237	0.838	0.0	0.0	0.838	0.838	0.7357	0.0073	0.0073	0.7346	0.7357
238	0.746	0.0	0.0	0.738	0.746	0.7358	0.0073	0.0073	0.7346	0.7358
239	0.766	0.0	0.0	0.76	0.766	0.7359	0.0072	0.0072	0.7347	0.7359
240	0.754	0.0	0.0	0.742	0.754	0.736	0.0072	0.0072	0.7347	0.736
241	0.73	0.0	0.0	0.724	0.73	0.7359	0.0072	0.0072	0.7347	0.7359
242	0.668	0.0	0.0	0.666	0.668	0.7357	0.0071	0.0071	0.7344	0.7357
243	0.626	0.0	0.0	0.626	0.626	0.7352	0.0071	0.0071	0.734	0.7352
244	0.702	0.0	0.0	0.712	0.702	0.7351	0.0071	0.0071	0.7339	0.7351
245	0.75	0.0	0.0	0.758	0.75	0.7351	0.0071	0.0071	0.734	0.7351
246	0.782	0.0	0.0	0.786	0.782	0.7353	0.007	0.007	0.7342	0.7353
247	0.764	0.0	0.0	0.766	0.764	0.7354	0.007	0.007	0.7343	0.7354
248	0.78	0.0	0.0	0.784	0.78	0.7356	0.007	0.007	0.7345	0.7356
249	0.8	0.0	0.0	0.808	0.8	0.7359	0.0069	0.0069	0.7348	0.7359
250	0.782	0.0	0.0	0.782	0.782	0.7361	0.0069	0.0069	0.735	0.7361
251	0.748	0.0	0.0	0.75	0.748	0.7361	0.0069	0.0069	0.735	0.7361
252	0.78	0.0	0.0	0.78	0.78	0.7363	0.0069	0.0069	0.7352	0.7363
253	0.722	0.0	0.0	0.722	0.722	0.7362	0.0068	0.0068	0.7352	0.7362
254	0.69	0.0	0.0	0.702	0.69	0.736	0.0068	0.0068	0.735	0.736
255	0.736	0.0	0.0	0.748	0.736	0.736	0.0068	0.0068	0.7351	0.736
256	0.74	0.0	0.0	0.756	0.74	0.7361	0.0068	0.0068	0.7352	0.7361
257	0.748	0.0	0.0	0.782	0.748	0.7361	0.0067	0.0067	0.7354	0.7361
258	0.818	0.0	0.0	0.822	0.818	0.7364	0.0067	0.0067	0.7357	0.7364
259	0.79	0.0	0.0	0.79	0.79	0.7366	0.0067	0.0067	0.7359	0.7366
260	0.868	0.0	0.0	0.868	0.868	0.7371	0.0067	0.0067	0.7364	0.7371
261	0.848	0.0	0.0	0.852	0.848	0.7376	0.0066	0.0066	0.7369	0.7376
262	0.816	0.0	0.0	0.822	0.816	0.7379	0.0066	0.0066	0.7372	0.7379
263	0.842	0.0	0.0	0.854	0.842	0.7383	0.0066	0.0066	0.7376	0.7383
264	0.808	0.0	0.0	0.814	0.808	0.7385	0.0066	0.0066	0.7379	0.7385
265	0.724	0.0	0.0	0.734	0.724	0.7385	0.0065	0.0065	0.7379	0.7385
266	0.794	0.0	0.0	0.816	0.794	0.7387	0.0065	0.0065	0.7382	0.7387
267	0.722	0.0	0.0	0.732	0.722	0.7386	0.0065	0.0065	0.7382	0.7386
268	0.812	0.0	0.0	0.822	0.812	0.7389	0.0065	0.0065	0.7385	0.7389
269	0.83	0.0	0.0	0.85	0.83	0.7392	0.0064	0.0064	0.7389	0.7392
270	0.798	0.0	0.0	0.806	0.798	0.7394	0.0064	0.0064	0.7391	0.7394
271	0.85	0.0	0.0	0.852	0.85	0.7399	0.0064	0.0064	0.7396	0.7399
272	0.806	0.0	0.0	0.806	0.806	0.7401	0.0064	0.0064	0.7398	0.7401
273	0.83	0.0	0.0	0.8	0.83	0.7404	0.0063	0.0063	0.74	0.7404
274	0.862	0.0	0.0	0.85	0.862	0.7409	0.0063	0.0063	0.7404	0.7409
275	0.79	0.0	0.0	0.782	0.79	0.741	0.0063	0.0063	0.7406	0.741
276	0.826	0.0	0.0	0.822	0.826	0.7414	0.0063	0.0063	0.7409	0.7414
277	0.818	0.0	0.0	0.826	0.818	0.7416	0.0062	0.0062	0.7412	0.7416
278	0.814	0.0	0.0	0.822	0.814	0.7419	0.0062	0.0062	0.7415	0.7419
279	0.842	0.0	0.0	0.858	0.842	0.7423	0.0062	0.0062	0.7419	0.7423
280	0.768	0.0	0.0	0.778	0.768	0.7423	0.0062	0.0062	0.742	0.7423
281	0.812	0.0	0.0	0.836	0.812	0.7426	0.0062	0.0062	0.7423	0.7426
282	0.736	0.0	0.0	0.76	0.736	0.7426	0.0061	0.0061	0.7424	0.7426
283	0.782	0.0	0.0	0.824	0.782	0.7427	0.0061	0.0061	0.7427	0.7427
284	0.806	0.0	0.0	0.82	0.806	0.7429	0.0061	0.0061	0.743	0.7429
285	0.722	0.0	0.0	0.746	0.722	0.7429	0.0061	0.0061	0.743	0.7429
286	0.79	0.0	0.0	0.802	0.79	0.743	0.006	0.006	0.7432	0.743
287	0.686	0.0	0.0	0.686	0.686	0.7428	0.006	0.006	0.743	0.7428
288	0.808	0.0	0.0	0.808	0.808	0.743	0.006	0.006	0.7432	0.743
289	0.652	0.0	0.0	0.652	0.652	0.7427	0.006	0.006	0.7429	0.7427
290	0.738	0.0	0.0	0.738	0.738	0.7427	0.006	0.006	0.7429	0.7427
291	0.672	0.0	0.0	0.672	0.672	0.7425	0.0059	0.0059	0.7426	0.7425
292	0.626	0.0	0.0	0.626	0.626	0.7421	0.0059	0.0059	0.7422	0.7421
293	0.668	0.0	0.0	0.668	0.668	0.7418	0.0059	0.0059	0.742	0.7418
294	0.656	0.0	0.0	0.656	0.656	0.7415	0.0059	0.0059	0.7417	0.7415
295	0.606	0.0	0.0	0.606	0.606	0.7411	0.0059	0.0059	0.7412	0.7411
296	0.69	0.0	0.0	0.69	0.69	0.7409	0.0058	0.0058	0.7411	0.7409
297	0.43	0.0	0.0	0.422	0.43	0.7399	0.0058	0.0058	0.74	0.7399
298	0.512	0.0	0.0	0.498	0.512	0.7391	0.0058	0.0058	0.7392	0.7391
299	0.562	0.0	0.0	0.536	0.562	0.7385	0.0058	0.0058	0.7385	0.7385
300	0.406	0.0	0.0	0.398	0.406	0.7374	0.0058	0.0058	0.7374	0.7374
301	0.476	0.0	0.0	0.468	0.476	0.7365	0.0057	0.0057	0.7365	0.7365
302	0.63	0.0	0.0	0.628	0.63	0.7362	0.0057	0.0057	0.7361	0.7362
303	0.738	0.0	0.0	0.728	0.738	0.7362	0.0057	0.0057	0.7361	0.7362
304	0.768	0.0	0.0	0.744	0.768	0.7363	0.0057	0.0057	0.7361	0.7363
305	0.748	0.0	0.0	0.742	0.748	0.7363	0.0057	0.0057	0.7361	0.7363
306	0.74	0.0	0.0	0.744	0.74	0.7363	0.0057	0.0057	0.7362	0.7363
307	0.746	0.0	0.0	0.754	0.746	0.7364	0.0056	0.0056	0.7362	0.7364
308	0.748	0.0	0.0	0.734	0.748	0.7364	0.0056	0.0056	0.7362	0.7364
309	0.748	0.0	0.0	0.734	0.748	0.7364	0.0056	0.0056	0.7362	0.7364
310	0.738	0.0	0.0	0.724	0.738	0.7364	0.0056	0.0056	0.7362	0.7364
311	0.71	0.0	0.0	0.696	0.71	0.7364	0.0056	0.0056	0.736	0.7364
312	0.67	0.0	0.0	0.662	0.67	0.7361	0.0055	0.0055	0.7358	0.7361
313	0.688	0.0	0.0	0.682	0.688	0.736	0.0055	0.0055	0.7356	0.736
314	0.686	0.0	0.0	0.682	0.686	0.7358	0.0055	0.0055	0.7354	0.7358
315	0.68	0.0	0.0	0.674	0.68	0.7357	0.0055	0.0055	0.7353	0.7357
316	0.602	0.0	0.0	0.596	0.602	0.7352	0.0055	0.0055	0.7348	0.7352
317	0.588	0.0	0.0	0.588	0.588	0.7348	0.0055	0.0055	0.7343	0.7348
318	0.574	0.0	0.0	0.574	0.574	0.7343	0.0054	0.0054	0.7338	0.7343
319	0.572	0.0	0.0	0.572	0.572	0.7337	0.0054	0.0054	0.7333	0.7337
320	0.578	0.0	0.0	0.578	0.578	0.7333	0.0054	0.0054	0.7329	0.7333
321	0.554	0.0	0.0	0.554	0.554	0.7327	0.0054	0.0054	0.7323	0.7327
322	0.546	0.0	0.0	0.58	0.546	0.7321	0.0054	0.0054	0.7318	0.7321
323	0.598	0.0	0.0	0.63	0.598	0.7317	0.0054	0.0054	0.7315	0.7317
324	0.632	0.0	0.0	0.662	0.632	0.7314	0.0053	0.0053	0.7313	0.7314
325	0.606	0.0	0.0	0.638	0.606	0.731	0.0053	0.0053	0.731	0.731
326	0.664	0.0	0.0	0.686	0.664	0.7308	0.0053	0.0053	0.7309	0.7308
327	0.69	0.0	0.0	0.714	0.69	0.7307	0.0053	0.0053	0.7308	0.7307
328	0.738	0.0	0.0	0.74	0.738	0.7307	0.0053	0.0053	0.7308	0.7307
329	0.696	0.0	0.0	0.684	0.696	0.7306	0.0053	0.0053	0.7307	0.7306
330	0.676	0.0	0.0	0.654	0.676	0.7304	0.0052	0.0052	0.7305	0.7304
331	0.678	0.0	0.0	0.66	0.678	0.7303	0.0052	0.0052	0.7303	0.7303
332	0.634	0.0	0.0	0.62	0.634	0.73	0.0052	0.0052	0.7299	0.73
333	0.628	0.0	0.0	0.61	0.628	0.7297	0.0052	0.0052	0.7296	0.7297
334	0.704	0.0	0.0	0.624	0.704	0.7296	0.0052	0.0052	0.7292	0.7296
335	0.776	0.0	0.0	0.732	0.776	0.7297	0.0052	0.0052	0.7293	0.7297
336	0.814	0.0	0.0	0.716	0.814	0.73	0.0051	0.0051	0.7292	0.73
337	0.732	0.0	0.0	0.66	0.732	0.73	0.0051	0.0051	0.729	0.73
338	0.768	0.0	0.0	0.732	0.768	0.7301	0.0051	0.0051	0.729	0.7301
339	0.782	0.0	0.0	0.7	0.782	0.7303	0.0051	0.0051	0.7289	0.7303
340	0.812	0.0	0.0	0.728	0.812	0.7305	0.0051	0.0051	0.7289	0.7305
341	0.78	0.0	0.0	0.706	0.78	0.7307	0.0051	0.0051	0.7289	0.7307
342	0.806	0.0	0.0	0.77	0.806	0.7309	0.0051	0.0051	0.729	0.7309
343	0.758	0.0	0.0	0.69	0.758	0.731	0.005	0.005	0.7289	0.731
344	0.712	0.0	0.0	0.652	0.712	0.7309	0.005	0.005	0.7286	0.7309
345	0.708	0.0	0.0	0.648	0.708	0.7308	0.005	0.005	0.7284	0.7308
346	0.746	0.0	0.0	0.718	0.746	0.7309	0.005	0.005	0.7284	0.7309
347	0.718	0.0	0.0	0.652	0.718	0.7308	0.005	0.005	0.7282	0.7308
348	0.69	0.0	0.0	0.618	0.69	0.7307	0.005	0.005	0.7278	0.7307
349	0.61	0.0	0.0	0.566	0.61	0.7304	0.005	0.005	0.7274	0.7304
350	0.55	0.0	0.0	0.55	0.55	0.7299	0.0049	0.0049	0.7269	0.7299
351	0.612	0.0	0.0	0.612	0.612	0.7295	0.0049	0.0049	0.7265	0.7295
352	0.572	0.0	0.0	0.56	0.572	0.7291	0.0049	0.0049	0.7261	0.7291
353	0.572	0.0	0.0	0.564	0.572	0.7286	0.0049	0.0049	0.7256	0.7286
354	0.468	0.0	0.0	0.468	0.468	0.7279	0.0049	0.0049	0.7249	0.7279
355	0.422	0.0	0.0	0.426	0.422	0.727	0.0049	0.0049	0.724	0.727
356	0.444	0.0	0.0	0.444	0.444	0.7262	0.0049	0.0049	0.7233	0.7262
357	0.362	0.0	0.0	0.362	0.362	0.7252	0.0048	0.0048	0.7222	0.7252
358	0.432	0.0	0.0	0.432	0.432	0.7244	0.0048	0.0048	0.7214	0.7244
359	0.41	0.0	0.0	0.41	0.41	0.7235	0.0048	0.0048	0.7206	0.7235
360	0.398	0.0	0.0	0.398	0.398	0.7226	0.0048	0.0048	0.7197	0.7226
361	0.436	0.0	0.0	0.436	0.436	0.7218	0.0048	0.0048	0.7189	0.7218
362	0.394	0.0	0.0	0.394	0.394	0.7209	0.0048	0.0048	0.718	0.7209
363	0.354	0.0	0.0	0.354	0.354	0.7199	0.0048	0.0048	0.717	0.7199
364	0.362	0.0	0.0	0.362	0.362	0.7189	0.0048	0.0048	0.716	0.7189
365	0.348	0.0	0.0	0.348	0.348	0.7179	0.0047	0.0047	0.715	0.7179
366	0.376	0.0	0.0	0.376	0.376	0.717	0.0047	0.0047	0.7141	0.717
367	0.414	0.0	0.0	0.414	0.414	0.7161	0.0047	0.0047	0.7133	0.7161
368	0.452	0.0	0.0	0.452	0.452	0.7154	0.0047	0.0047	0.7125	0.7154
369	0.48	0.0	0.0	0.48	0.48	0.7148	0.0047	0.0047	0.7119	0.7148
370	0.478	0.0	0.0	0.478	0.478	0.7142	0.0047	0.0047	0.7113	0.7142
371	0.462	0.0	0.0	0.456	0.462	0.7135	0.0047	0.0047	0.7106	0.7135
372	0.47	0.0	0.0	0.456	0.47	0.7128	0.0047	0.0047	0.7099	0.7128
373	0.426	0.0	0.0	0.412	0.426	0.712	0.0046	0.0046	0.7091	0.712
374	0.338	0.0	0.0	0.338	0.338	0.711	0.0046	0.0046	0.7081	0.711
375	0.392	0.0	0.0	0.382	0.392	0.7102	0.0046	0.0046	0.7073	0.7102
376	0.398	0.0	0.0	0.396	0.398	0.7094	0.0046	0.0046	0.7064	0.7094
377	0.42	0.0	0.0	0.414	0.42	0.7086	0.0046	0.0046	0.7056	0.7086
378	0.482	0.0	0.0	0.476	0.482	0.708	0.0046	0.0046	0.705	0.708
379	0.468	0.0	0.0	0.462	0.468	0.7074	0.0046	0.0046	0.7044	0.7074
380	0.384	0.0	0.0	0.388	0.384	0.7065	0.0046	0.0046	0.7036	0.7065
381	0.354	0.0	0.0	0.352	0.354	0.7056	0.0045	0.0045	0.7026	0.7056
382	0.306	0.0	0.0	0.306	0.306	0.7045	0.0045	0.0045	0.7016	0.7045
383	0.338	0.0	0.0	0.338	0.338	0.7036	0.0045	0.0045	0.7007	0.7036
384	0.406	0.0	0.0	0.406	0.406	0.7028	0.0045	0.0045	0.6999	0.7028
385	0.436	0.0	0.0	0.436	0.436	0.7021	0.0045	0.0045	0.6992	0.7021
386	0.392	0.0	0.0	0.392	0.392	0.7013	0.0045	0.0045	0.6984	0.7013
387	0.39	0.0	0.0	0.39	0.39	0.7005	0.0045	0.0045	0.6976	0.7005
388	0.5	0.0	0.0	0.5	0.5	0.7	0.0045	0.0045	0.6971	0.7
389	0.446	0.0	0.0	0.446	0.446	0.6993	0.0044	0.0044	0.6965	0.6993
390	0.454	0.0	0.0	0.454	0.454	0.6987	0.0044	0.0044	0.6958	0.6987
391	0.548	0.0	0.0	0.548	0.548	0.6983	0.0044	0.0044	0.6955	0.6983
392	0.436	0.0	0.0	0.436	0.436	0.6977	0.0044	0.0044	0.6948	0.6977
393	0.45	0.0	0.0	0.45	0.45	0.697	0.0044	0.0044	0.6942	0.697
394	0.556	0.0	0.0	0.556	0.556	0.6967	0.0044	0.0044	0.6938	0.6967
395	0.498	0.0	0.0	0.498	0.498	0.6962	0.0044	0.0044	0.6933	0.6962
396	0.444	0.0	0.0	0.444	0.444	0.6955	0.0044	0.0044	0.6927	0.6955
397	0.51	0.0	0.0	0.51	0.51	0.6951	0.0044	0.0044	0.6922	0.6951
398	0.56	0.0	0.0	0.56	0.56	0.6947	0.0043	0.0043	0.6919	0.6947
399	0.542	0.0	0.0	0.542	0.542	0.6943	0.0043	0.0043	0.6915	0.6943
400	0.426	0.0	0.0	0.426	0.426	0.6937	0.0043	0.0043	0.6909	0.6937
401	0.416	0.0	0.0	0.416	0.416	0.693	0.0043	0.0043	0.6902	0.693
402	0.396	0.0	0.0	0.396	0.396	0.6922	0.0043	0.0043	0.6894	0.6922
403	0.344	0.0	0.0	0.344	0.344	0.6914	0.0043	0.0043	0.6886	0.6914
404	0.288	0.0	0.0	0.288	0.288	0.6904	0.0043	0.0043	0.6876	0.6904
405	0.264	0.0	0.0	0.264	0.264	0.6893	0.0043	0.0043	0.6866	0.6893
406	0.264	0.0	0.0	0.264	0.264	0.6883	0.0043	0.0043	0.6855	0.6883
407	0.284	0.0	0.0	0.27	0.284	0.6873	0.0043	0.0043	0.6845	0.6873
408	0.336	0.0	0.0	0.318	0.336	0.6864	0.0042	0.0042	0.6836	0.6864
409	0.336	0.0	0.0	0.336	0.336	0.6856	0.0042	0.0042	0.6827	0.6856
410	0.306	0.0	0.0	0.306	0.306	0.6846	0.0042	0.0042	0.6818	0.6846
411	0.246	0.0	0.0	0.246	0.246	0.6836	0.0042	0.0042	0.6808	0.6836
412	0.318	0.0	0.0	0.318	0.318	0.6827	0.0042	0.0042	0.6799	0.6827
413	0.364	0.0	0.0	0.364	0.364	0.6819	0.0042	0.0042	0.6791	0.6819
414	0.32	0.0	0.0	0.304	0.32	0.681	0.0042	0.0042	0.6782	0.681
415	0.358	0.0	0.0	0.35	0.358	0.6803	0.0042	0.0042	0.6774	0.6803
416	0.378	0.0	0.0	0.378	0.378	0.6795	0.0042	0.0042	0.6767	0.6795
417	0.32	0.0	0.0	0.32	0.32	0.6787	0.0041	0.0041	0.6758	0.6787
418	0.37	0.0	0.0	0.37	0.37	0.6779	0.0041	0.0041	0.6751	0.6779
419	0.402	0.0	0.0	0.402	0.402	0.6773	0.0041	0.0041	0.6745	0.6773
420	0.376	0.0	0.0	0.376	0.376	0.6766	0.0041	0.0041	0.6738	0.6766
421	0.334	0.0	0.0	0.334	0.334	0.6757	0.0041	0.0041	0.6729	0.6757
422	0.436	0.0	0.0	0.436	0.436	0.6752	0.0041	0.0041	0.6724	0.6752
423	0.556	0.0	0.0	0.464	0.556	0.6749	0.0041	0.0041	0.6719	0.6749
424	0.5	0.0	0.0	0.462	0.5	0.6745	0.0041	0.0041	0.6714	0.6745
425	0.492	0.0	0.0	0.58	0.492	0.6741	0.0041	0.0041	0.6712	0.6741
426	0.564	0.0	0.0	0.62	0.564	0.6738	0.0041	0.0041	0.6711	0.6738
427	0.542	0.0	0.0	0.634	0.542	0.6735	0.0041	0.0041	0.671	0.6735
428	0.442	0.0	0.0	0.552	0.442	0.6729	0.004	0.004	0.6707	0.6729
429	0.532	0.0	0.0	0.618	0.532	0.6726	0.004	0.004	0.6706	0.6726
430	0.486	0.0	0.0	0.684	0.486	0.6722	0.004	0.004	0.6706	0.6722
431	0.408	0.0	0.0	0.608	0.408	0.6716	0.004	0.004	0.6705	0.6716
432	0.624	0.0	0.0	0.676	0.624	0.6715	0.004	0.004	0.6705	0.6715
433	0.65	0.0	0.0	0.668	0.65	0.6714	0.004	0.004	0.6705	0.6714
434	0.658	0.0	0.0	0.658	0.658	0.6714	0.004	0.004	0.6704	0.6714
435	0.664	0.0	0.0	0.668	0.664	0.6714	0.004	0.004	0.6704	0.6714
436	0.62	0.0	0.0	0.64	0.62	0.6712	0.004	0.004	0.6704	0.6712
437	0.644	0.0	0.0	0.658	0.644	0.6712	0.004	0.004	0.6703	0.6712
438	0.666	0.0	0.0	0.696	0.666	0.6712	0.0039	0.0039	0.6704	0.6712
439	0.522	0.0	0.0	0.59	0.522	0.6708	0.0039	0.0039	0.6702	0.6708
440	0.552	0.0	0.0	0.71	0.552	0.6706	0.0039	0.0039	0.6703	0.6706
441	0.528	0.0	0.0	0.714	0.528	0.6702	0.0039	0.0039	0.6704	0.6702
442	0.5	0.0	0.0	0.626	0.5	0.6699	0.0039	0.0039	0.6703	0.6699
443	0.538	0.0	0.0	0.75	0.538	0.6696	0.0039	0.0039	0.6705	0.6696
444	0.654	0.0	0.0	0.716	0.654	0.6695	0.0039	0.0039	0.6706	0.6695
445	0.646	0.0	0.0	0.642	0.646	0.6695	0.0039	0.0039	0.6705	0.6695
446	0.72	0.0	0.0	0.754	0.72	0.6696	0.0039	0.0039	0.6707	0.6696
447	0.642	0.0	0.0	0.658	0.642	0.6695	0.0039	0.0039	0.6707	0.6695
448	0.612	0.0	0.0	0.622	0.612	0.6694	0.0039	0.0039	0.6706	0.6694
449	0.596	0.0	0.0	0.604	0.596	0.6692	0.0039	0.0039	0.6704	0.6692
450	0.62	0.0	0.0	0.628	0.62	0.6691	0.0038	0.0038	0.6703	0.6691
451	0.584	0.0	0.0	0.592	0.584	0.6689	0.0038	0.0038	0.6702	0.6689
452	0.6	0.0	0.0	0.628	0.6	0.6688	0.0038	0.0038	0.6701	0.6688
453	0.618	0.0	0.0	0.622	0.618	0.6687	0.0038	0.0038	0.67	0.6687
454	0.602	0.0	0.0	0.604	0.602	0.6685	0.0038	0.0038	0.6698	0.6685
455	0.566	0.0	0.0	0.57	0.566	0.6683	0.0038	0.0038	0.6696	0.6683
456	0.574	0.0	0.0	0.692	0.574	0.6681	0.0038	0.0038	0.6696	0.6681
457	0.542	0.0	0.0	0.678	0.542	0.6678	0.0038	0.0038	0.6697	0.6678
458	0.612	0.0	0.0	0.68	0.612	0.6677	0.0038	0.0038	0.6697	0.6677
459	0.668	0.0	0.0	0.67	0.668	0.6677	0.0038	0.0038	0.6697	0.6677
460	0.69	0.0	0.0	0.674	0.69	0.6677	0.0038	0.0038	0.6697	0.6677
461	0.728	0.0	0.0	0.712	0.728	0.6679	0.0038	0.0038	0.6698	0.6679
462	0.738	0.0	0.0	0.722	0.738	0.668	0.0037	0.0037	0.6699	0.668
463	0.68	0.0	0.0	0.674	0.68	0.668	0.0037	0.0037	0.6699	0.668
464	0.702	0.0	0.0	0.68	0.702	0.6681	0.0037	0.0037	0.6699	0.6681
465	0.666	0.0	0.0	0.638	0.666	0.6681	0.0037	0.0037	0.6699	0.6681
466	0.66	0.0	0.0	0.652	0.66	0.6681	0.0037	0.0037	0.6698	0.6681
467	0.638	0.0	0.0	0.624	0.638	0.668	0.0037	0.0037	0.6697	0.668
468	0.626	0.0	0.0	0.62	0.626	0.6679	0.0037	0.0037	0.6696	0.6679
469	0.62	0.0	0.0	0.612	0.62	0.6678	0.0037	0.0037	0.6695	0.6678
470	0.58	0.0	0.0	0.578	0.58	0.6677	0.0037	0.0037	0.6693	0.6677
471	0.566	0.0	0.0	0.562	0.566	0.6674	0.0037	0.0037	0.6691	0.6674
472	0.528	0.0	0.0	0.536	0.528	0.6671	0.0037	0.0037	0.6688	0.6671
473	0.54	0.0	0.0	0.548	0.54	0.6669	0.0037	0.0037	0.6685	0.6669
474	0.578	0.0	0.0	0.588	0.578	0.6667	0.0036	0.0036	0.6684	0.6667
475	0.594	0.0	0.0	0.596	0.594	0.6665	0.0036	0.0036	0.6682	0.6665
476	0.602	0.0	0.0	0.604	0.602	0.6664	0.0036	0.0036	0.6681	0.6664
477	0.54	0.0	0.0	0.54	0.54	0.6661	0.0036	0.0036	0.6678	0.6661
478	0.562	0.0	0.0	0.568	0.562	0.6659	0.0036	0.0036	0.6676	0.6659
479	0.594	0.0	0.0	0.598	0.594	0.6658	0.0036	0.0036	0.6674	0.6658
480	0.636	0.0	0.0	0.638	0.636	0.6657	0.0036	0.0036	0.6674	0.6657
481	0.602	0.0	0.0	0.618	0.602	0.6656	0.0036	0.0036	0.6673	0.6656
482	0.616	0.0	0.0	0.644	0.616	0.6655	0.0036	0.0036	0.6672	0.6655
483	0.62	0.0	0.0	0.648	0.62	0.6654	0.0036	0.0036	0.6672	0.6654
484	0.63	0.0	0.0	0.66	0.63	0.6653	0.0036	0.0036	0.6672	0.6653
485	0.666	0.0	0.0	0.708	0.666	0.6653	0.0036	0.0036	0.6673	0.6653
486	0.686	0.0	0.0	0.708	0.686	0.6653	0.0036	0.0036	0.6673	0.6653
487	0.688	0.0	0.0	0.698	0.688	0.6654	0.0036	0.0036	0.6674	0.6654
488	0.74	0.0	0.0	0.736	0.74	0.6655	0.0035	0.0035	0.6676	0.6655
489	0.738	0.0	0.0	0.744	0.738	0.6657	0.0035	0.0035	0.6677	0.6657
490	0.774	0.0	0.0	0.772	0.774	0.6659	0.0035	0.0035	0.6679	0.6659
491	0.756	0.0	0.0	0.758	0.756	0.6661	0.0035	0.0035	0.6681	0.6661
492	0.772	0.0	0.0	0.758	0.772	0.6663	0.0035	0.0035	0.6683	0.6663
493	0.71	0.0	0.0	0.688	0.71	0.6664	0.0035	0.0035	0.6683	0.6664
494	0.716	0.0	0.0	0.69	0.716	0.6665	0.0035	0.0035	0.6684	0.6665
495	0.702	0.0	0.0	0.676	0.702	0.6666	0.0035	0.0035	0.6684	0.6666
496	0.704	0.0	0.0	0.684	0.704	0.6666	0.0035	0.0035	0.6684	0.6666
497	0.688	0.0	0.0	0.672	0.688	0.6667	0.0035	0.0035	0.6684	0.6667
498	0.69	0.0	0.0	0.648	0.69	0.6667	0.0035	0.0035	0.6684	0.6667
499	0.666	0.0	0.0	0.648	0.666	0.6667	0.0035	0.0035	0.6683	0.6667
500	0.718	0.0	0.0	0.674	0.718	0.6668	0.0035	0.0035	0.6684	0.6668
501	0.65	0.0	0.0	0.6	0.65	0.6668	0.0035	0.0035	0.6682	0.6668
502	0.552	0.0	0.0	0.508	0.552	0.6666	0.0034	0.0034	0.6679	0.6666
503	0.578	0.0	0.0	0.546	0.578	0.6664	0.0034	0.0034	0.6677	0.6664
504	0.584	0.0	0.0	0.56	0.584	0.6662	0.0034	0.0034	0.6674	0.6662
505	0.622	0.0	0.0	0.626	0.622	0.6661	0.0034	0.0034	0.6674	0.6661
506	0.65	0.0	0.0	0.616	0.65	0.6661	0.0034	0.0034	0.6673	0.6661
507	0.588	0.0	0.0	0.566	0.588	0.666	0.0034	0.0034	0.6671	0.666
508	0.656	0.0	0.0	0.65	0.656	0.6659	0.0034	0.0034	0.667	0.6659
509	0.692	0.0	0.0	0.696	0.692	0.666	0.0034	0.0034	0.6671	0.666
510	0.664	0.0	0.0	0.666	0.664	0.666	0.0034	0.0034	0.6671	0.666
511	0.74	0.0	0.0	0.726	0.74	0.6661	0.0034	0.0034	0.6672	0.6661
512	0.648	0.0	0.0	0.628	0.648	0.6661	0.0034	0.0034	0.6671	0.6661
513	0.652	0.0	0.0	0.632	0.652	0.6661	0.0034	0.0034	0.6671	0.6661
514	0.732	0.0	0.0	0.72	0.732	0.6662	0.0034	0.0034	0.6672	0.6662
515	0.802	0.0	0.0	0.778	0.802	0.6665	0.0034	0.0034	0.6674	0.6665
516	0.754	0.0	0.0	0.718	0.754	0.6666	0.0034	0.0034	0.6675	0.6666
517	0.726	0.0	0.0	0.71	0.726	0.6667	0.0033	0.0033	0.6676	0.6667
518	0.67	0.0	0.0	0.64	0.67	0.6668	0.0033	0.0033	0.6675	0.6668
519	0.682	0.0	0.0	0.648	0.682	0.6668	0.0033	0.0033	0.6675	0.6668
520	0.672	0.0	0.0	0.636	0.672	0.6668	0.0033	0.0033	0.6674	0.6668
521	0.656	0.0	0.0	0.636	0.656	0.6668	0.0033	0.0033	0.6673	0.6668
522	0.64	0.0	0.0	0.63	0.64	0.6667	0.0033	0.0033	0.6673	0.6667
523	0.65	0.0	0.0	0.636	0.65	0.6667	0.0033	0.0033	0.6672	0.6667
524	0.672	0.0	0.0	0.654	0.672	0.6667	0.0033	0.0033	0.6672	0.6667
525	0.676	0.0	0.0	0.646	0.676	0.6667	0.0033	0.0033	0.6671	0.6667
526	0.682	0.0	0.0	0.644	0.682	0.6667	0.0033	0.0033	0.6671	0.6667
527	0.648	0.0	0.0	0.608	0.648	0.6667	0.0033	0.0033	0.667	0.6667
528	0.666	0.0	0.0	0.628	0.666	0.6667	0.0033	0.0033	0.6669	0.6667
529	0.68	0.0	0.0	0.64	0.68	0.6667	0.0033	0.0033	0.6669	0.6667
530	0.714	0.0	0.0	0.694	0.714	0.6668	0.0033	0.0033	0.6669	0.6668
531	0.694	0.0	0.0	0.59	0.694	0.6669	0.0033	0.0033	0.6668	0.6669
532	0.67	0.0	0.0	0.608	0.67	0.6669	0.0033	0.0033	0.6667	0.6669
533	0.758	0.0	0.0	0.706	0.758	0.6671	0.0032	0.0032	0.6667	0.6671
534	0.76	0.0	0.0	0.718	0.76	0.6672	0.0032	0.0032	0.6668	0.6672
535	0.72	0.0	0.0	0.704	0.72	0.6673	0.0032	0.0032	0.6669	0.6673
536	0.7	0.0	0.0	0.69	0.7	0.6674	0.0032	0.0032	0.6669	0.6674
537	0.688	0.0	0.0	0.666	0.688	0.6674	0.0032	0.0032	0.6669	0.6674
538	0.654	0.0	0.0	0.624	0.654	0.6674	0.0032	0.0032	0.6669	0.6674
539	0.65	0.0	0.0	0.62	0.65	0.6674	0.0032	0.0032	0.6668	0.6674
540	0.614	0.0	0.0	0.582	0.614	0.6673	0.0032	0.0032	0.6666	0.6673
541	0.612	0.0	0.0	0.586	0.612	0.6672	0.0032	0.0032	0.6665	0.6672
542	0.59	0.0	0.0	0.562	0.59	0.667	0.0032	0.0032	0.6663	0.667
543	0.572	0.0	0.0	0.558	0.572	0.6668	0.0032	0.0032	0.6661	0.6668
544	0.572	0.0	0.0	0.54	0.572	0.6667	0.0032	0.0032	0.6658	0.6667
545	0.516	0.0	0.0	0.484	0.516	0.6664	0.0032	0.0032	0.6655	0.6664
546	0.528	0.0	0.0	0.494	0.528	0.6661	0.0032	0.0032	0.6652	0.6661
547	0.59	0.0	0.0	0.578	0.59	0.666	0.0032	0.0032	0.665	0.666
548	0.61	0.0	0.0	0.582	0.61	0.6659	0.0032	0.0032	0.6649	0.6659
549	0.596	0.0	0.0	0.556	0.596	0.6658	0.0032	0.0032	0.6647	0.6658
550	0.522	0.0	0.0	0.468	0.522	0.6655	0.0031	0.0031	0.6643	0.6655
551	0.546	0.0	0.0	0.488	0.546	0.6653	0.0031	0.0031	0.664	0.6653
552	0.57	0.0	0.0	0.508	0.57	0.6651	0.0031	0.0031	0.6637	0.6651
553	0.568	0.0	0.0	0.508	0.568	0.6649	0.0031	0.0031	0.6634	0.6649
554	0.574	0.0	0.0	0.512	0.574	0.6648	0.0031	0.0031	0.6632	0.6648
555	0.682	0.0	0.0	0.644	0.682	0.6648	0.0031	0.0031	0.6631	0.6648
556	0.67	0.0	0.0	0.664	0.67	0.6648	0.0031	0.0031	0.6631	0.6648
557	0.562	0.0	0.0	0.546	0.562	0.6646	0.0031	0.0031	0.6629	0.6646
558	0.54	0.0	0.0	0.516	0.54	0.6644	0.0031	0.0031	0.6627	0.6644
559	0.538	0.0	0.0	0.526	0.538	0.6642	0.0031	0.0031	0.6624	0.6642
560	0.554	0.0	0.0	0.556	0.554	0.664	0.0031	0.0031	0.6622	0.664
561	0.542	0.0	0.0	0.538	0.542	0.6638	0.0031	0.0031	0.662	0.6638
562	0.646	0.0	0.0	0.646	0.646	0.6637	0.0031	0.0031	0.662	0.6637
563	0.628	0.0	0.0	0.616	0.628	0.6637	0.0031	0.0031	0.6619	0.6637
564	0.6	0.0	0.0	0.586	0.6	0.6636	0.0031	0.0031	0.6618	0.6636
565	0.538	0.0	0.0	0.532	0.538	0.6633	0.0031	0.0031	0.6615	0.6633
566	0.492	0.0	0.0	0.494	0.492	0.663	0.0031	0.0031	0.6612	0.663
567	0.532	0.0	0.0	0.524	0.532	0.6628	0.0031	0.0031	0.661	0.6628
568	0.58	0.0	0.0	0.566	0.58	0.6627	0.003	0.003	0.6608	0.6627
569	0.558	0.0	0.0	0.532	0.558	0.6625	0.003	0.003	0.6606	0.6625
570	0.624	0.0	0.0	0.618	0.624	0.6624	0.003	0.003	0.6605	0.6624
571	0.58	0.0	0.0	0.548	0.58	0.6623	0.003	0.003	0.6603	0.6623
572	0.55	0.0	0.0	0.522	0.55	0.6621	0.003	0.003	0.6601	0.6621
573	0.536	0.0	0.0	0.504	0.536	0.6619	0.003	0.003	0.6598	0.6619
574	0.566	0.0	0.0	0.546	0.566	0.6617	0.003	0.003	0.6596	0.6617
575	0.536	0.0	0.0	0.516	0.536	0.6615	0.003	0.003	0.6594	0.6615
576	0.532	0.0	0.0	0.498	0.532	0.6612	0.003	0.003	0.6591	0.6612
577	0.53	0.0	0.0	0.51	0.53	0.661	0.003	0.003	0.6588	0.661
578	0.476	0.0	0.0	0.506	0.476	0.6607	0.003	0.003	0.6586	0.6607
579	0.54	0.0	0.0	0.56	0.54	0.6605	0.003	0.003	0.6584	0.6605
580	0.546	0.0	0.0	0.568	0.546	0.6603	0.003	0.003	0.6582	0.6603
581	0.514	0.0	0.0	0.546	0.514	0.66	0.003	0.003	0.658	0.66
582	0.554	0.0	0.0	0.578	0.554	0.6599	0.003	0.003	0.6579	0.6599
583	0.58	0.0	0.0	0.636	0.58	0.6597	0.003	0.003	0.6579	0.6597
584	0.588	0.0	0.0	0.646	0.588	0.6596	0.003	0.003	0.6578	0.6596
585	0.646	0.0	0.0	0.682	0.646	0.6596	0.003	0.003	0.6579	0.6596
586	0.626	0.0	0.0	0.648	0.626	0.6595	0.003	0.003	0.6579	0.6595
587	0.626	0.0	0.0	0.644	0.626	0.6595	0.0029	0.0029	0.6579	0.6595
588	0.63	0.0	0.0	0.634	0.63	0.6594	0.0029	0.0029	0.6578	0.6594
589	0.668	0.0	0.0	0.652	0.668	0.6594	0.0029	0.0029	0.6578	0.6594
590	0.68	0.0	0.0	0.658	0.68	0.6595	0.0029	0.0029	0.6578	0.6595
591	0.668	0.0	0.0	0.636	0.668	0.6595	0.0029	0.0029	0.6578	0.6595
592	0.708	0.0	0.0	0.662	0.708	0.6596	0.0029	0.0029	0.6578	0.6596
593	0.678	0.0	0.0	0.624	0.678	0.6596	0.0029	0.0029	0.6577	0.6596
594	0.636	0.0	0.0	0.614	0.636	0.6595	0.0029	0.0029	0.6576	0.6595
595	0.684	0.0	0.0	0.654	0.684	0.6596	0.0029	0.0029	0.6576	0.6596
596	0.716	0.0	0.0	0.69	0.716	0.6597	0.0029	0.0029	0.6577	0.6597
597	0.676	0.0	0.0	0.634	0.676	0.6597	0.0029	0.0029	0.6576	0.6597
598	0.592	0.0	0.0	0.55	0.592	0.6596	0.0029	0.0029	0.6575	0.6596
599	0.678	0.0	0.0	0.654	0.678	0.6596	0.0029	0.0029	0.6575	0.6596
600	0.706	0.0	0.0	0.686	0.706	0.6597	0.0029	0.0029	0.6575	0.6597
601	0.648	0.0	0.0	0.612	0.648	0.6597	0.0029	0.0029	0.6574	0.6597
602	0.674	0.0	0.0	0.644	0.674	0.6597	0.0029	0.0029	0.6574	0.6597
603	0.68	0.0	0.0	0.67	0.68	0.6597	0.0029	0.0029	0.6574	0.6597
604	0.704	0.0	0.0	0.69	0.704	0.6598	0.0029	0.0029	0.6575	0.6598
605	0.676	0.0	0.0	0.658	0.676	0.6598	0.0029	0.0029	0.6575	0.6598
606	0.658	0.0	0.0	0.652	0.658	0.6598	0.0029	0.0029	0.6575	0.6598
607	0.634	0.0	0.0	0.632	0.634	0.6598	0.0029	0.0029	0.6574	0.6598
608	0.64	0.0	0.0	0.648	0.64	0.6598	0.0028	0.0028	0.6574	0.6598
609	0.658	0.0	0.0	0.688	0.658	0.6598	0.0028	0.0028	0.6575	0.6598
610	0.63	0.0	0.0	0.654	0.63	0.6597	0.0028	0.0028	0.6575	0.6597
611	0.622	0.0	0.0	0.63	0.622	0.6596	0.0028	0.0028	0.6574	0.6596
612	0.586	0.0	0.0	0.594	0.586	0.6595	0.0028	0.0028	0.6573	0.6595
613	0.542	0.0	0.0	0.552	0.542	0.6593	0.0028	0.0028	0.6571	0.6593
614	0.496	0.0	0.0	0.5	0.496	0.6591	0.0028	0.0028	0.6569	0.6591
615	0.448	0.0	0.0	0.446	0.448	0.6587	0.0028	0.0028	0.6565	0.6587
616	0.434	0.0	0.0	0.438	0.434	0.6584	0.0028	0.0028	0.6562	0.6584
617	0.434	0.0	0.0	0.424	0.434	0.658	0.0028	0.0028	0.6558	0.658
618	0.414	0.0	0.0	0.42	0.414	0.6576	0.0028	0.0028	0.6554	0.6576
619	0.436	0.0	0.0	0.434	0.436	0.6572	0.0028	0.0028	0.6551	0.6572
620	0.432	0.0	0.0	0.428	0.432	0.6569	0.0028	0.0028	0.6547	0.6569
621	0.444	0.0	0.0	0.444	0.444	0.6565	0.0028	0.0028	0.6544	0.6565
622	0.466	0.0	0.0	0.464	0.466	0.6562	0.0028	0.0028	0.6541	0.6562
623	0.514	0.0	0.0	0.514	0.514	0.656	0.0028	0.0028	0.6538	0.656
624	0.538	0.0	0.0	0.538	0.538	0.6558	0.0028	0.0028	0.6537	0.6558
625	0.528	0.0	0.0	0.528	0.528	0.6556	0.0028	0.0028	0.6535	0.6556
626	0.458	0.0	0.0	0.458	0.458	0.6553	0.0028	0.0028	0.6531	0.6553
627	0.396	0.0	0.0	0.394	0.396	0.6549	0.0028	0.0028	0.6527	0.6549
628	0.386	0.0	0.0	0.39	0.386	0.6545	0.0028	0.0028	0.6523	0.6545
629	0.344	0.0	0.0	0.34	0.344	0.654	0.0028	0.0028	0.6518	0.654
630	0.394	0.0	0.0	0.548	0.394	0.6535	0.0027	0.0027	0.6516	0.6535
631	0.526	0.0	0.0	0.57	0.526	0.6533	0.0027	0.0027	0.6515	0.6533
632	0.366	0.0	0.0	0.482	0.366	0.6529	0.0027	0.0027	0.6513	0.6529
633	0.402	0.0	0.0	0.594	0.402	0.6525	0.0027	0.0027	0.6512	0.6525
634	0.362	0.0	0.0	0.506	0.362	0.652	0.0027	0.0027	0.6509	0.652
635	0.63	0.0	0.0	0.64	0.63	0.652	0.0027	0.0027	0.6509	0.652
636	0.426	0.0	0.0	0.43	0.426	0.6516	0.0027	0.0027	0.6506	0.6516
637	0.578	0.0	0.0	0.588	0.578	0.6515	0.0027	0.0027	0.6505	0.6515
638	0.428	0.0	0.0	0.438	0.428	0.6512	0.0027	0.0027	0.6501	0.6512
639	0.58	0.0	0.0	0.578	0.58	0.6511	0.0027	0.0027	0.65	0.6511
640	0.414	0.0	0.0	0.434	0.414	0.6507	0.0027	0.0027	0.6497	0.6507
641	0.598	0.0	0.0	0.622	0.598	0.6506	0.0027	0.0027	0.6496	0.6506
642	0.462	0.0	0.0	0.488	0.462	0.6503	0.0027	0.0027	0.6494	0.6503
643	0.628	0.0	0.0	0.628	0.628	0.6503	0.0027	0.0027	0.6494	0.6503
644	0.448	0.0	0.0	0.47	0.448	0.65	0.0027	0.0027	0.6491	0.65
645	0.594	0.0	0.0	0.61	0.594	0.6499	0.0027	0.0027	0.649	0.6499
646	0.466	0.0	0.0	0.468	0.466	0.6496	0.0027	0.0027	0.6487	0.6496
647	0.546	0.0	0.0	0.568	0.546	0.6494	0.0027	0.0027	0.6486	0.6494
648	0.486	0.0	0.0	0.5	0.486	0.6492	0.0027	0.0027	0.6484	0.6492
649	0.504	0.0	0.0	0.516	0.504	0.649	0.0027	0.0027	0.6482	0.649
650	0.57	0.0	0.0	0.572	0.57	0.6488	0.0027	0.0027	0.6481	0.6488
651	0.462	0.0	0.0	0.474	0.462	0.6486	0.0027	0.0027	0.6478	0.6486
652	0.55	0.0	0.0	0.558	0.55	0.6484	0.0027	0.0027	0.6477	0.6484
653	0.424	0.0	0.0	0.422	0.424	0.6481	0.0026	0.0026	0.6473	0.6481
654	0.61	0.0	0.0	0.618	0.61	0.648	0.0026	0.0026	0.6473	0.648
655	0.434	0.0	0.0	0.44	0.434	0.6477	0.0026	0.0026	0.6469	0.6477
656	0.528	0.0	0.0	0.528	0.528	0.6475	0.0026	0.0026	0.6468	0.6475
657	0.524	0.0	0.0	0.524	0.524	0.6473	0.0026	0.0026	0.6466	0.6473
658	0.544	0.0	0.0	0.544	0.544	0.6472	0.0026	0.0026	0.6464	0.6472
659	0.54	0.0	0.0	0.542	0.54	0.647	0.0026	0.0026	0.6463	0.647
660	0.454	0.0	0.0	0.454	0.454	0.6467	0.0026	0.0026	0.646	0.6467
661	0.642	0.0	0.0	0.642	0.642	0.6467	0.0026	0.0026	0.646	0.6467
662	0.476	0.0	0.0	0.474	0.476	0.6464	0.0026	0.0026	0.6457	0.6464
663	0.548	0.0	0.0	0.546	0.548	0.6463	0.0026	0.0026	0.6456	0.6463
664	0.574	0.0	0.0	0.57	0.574	0.6462	0.0026	0.0026	0.6454	0.6462
665	0.51	0.0	0.0	0.51	0.51	0.646	0.0026	0.0026	0.6452	0.646
666	0.55	0.0	0.0	0.554	0.55	0.6458	0.0026	0.0026	0.6451	0.6458
667	0.43	0.0	0.0	0.44	0.43	0.6455	0.0026	0.0026	0.6448	0.6455
668	0.592	0.0	0.0	0.592	0.592	0.6454	0.0026	0.0026	0.6447	0.6454
669	0.544	0.0	0.0	0.562	0.544	0.6453	0.0026	0.0026	0.6446	0.6453
670	0.41	0.0	0.0	0.432	0.41	0.6449	0.0026	0.0026	0.6443	0.6449
671	0.546	0.0	0.0	0.546	0.546	0.6448	0.0026	0.0026	0.6441	0.6448
672	0.464	0.0	0.0	0.49	0.464	0.6445	0.0026	0.0026	0.6439	0.6445
673	0.488	0.0	0.0	0.514	0.488	0.6443	0.0026	0.0026	0.6437	0.6443
674	0.488	0.0	0.0	0.512	0.488	0.644	0.0026	0.0026	0.6435	0.644
675	0.57	0.0	0.0	0.574	0.57	0.6439	0.0026	0.0026	0.6434	0.6439
676	0.498	0.0	0.0	0.54	0.498	0.6437	0.0026	0.0026	0.6433	0.6437
677	0.46	0.0	0.0	0.478	0.46	0.6434	0.0026	0.0026	0.643	0.6434
678	0.51	0.0	0.0	0.51	0.51	0.6432	0.0026	0.0026	0.6428	0.6432
679	0.486	0.0	0.0	0.506	0.486	0.643	0.0025	0.0025	0.6426	0.643
680	0.502	0.0	0.0	0.52	0.502	0.6428	0.0025	0.0025	0.6424	0.6428
681	0.448	0.0	0.0	0.462	0.448	0.6425	0.0025	0.0025	0.6422	0.6425
682	0.518	0.0	0.0	0.524	0.518	0.6423	0.0025	0.0025	0.642	0.6423
683	0.546	0.0	0.0	0.556	0.546	0.6422	0.0025	0.0025	0.6419	0.6422
684	0.476	0.0	0.0	0.488	0.476	0.642	0.0025	0.0025	0.6416	0.642
685	0.59	0.0	0.0	0.602	0.59	0.6419	0.0025	0.0025	0.6416	0.6419
686	0.494	0.0	0.0	0.508	0.494	0.6417	0.0025	0.0025	0.6414	0.6417
687	0.554	0.0	0.0	0.554	0.554	0.6415	0.0025	0.0025	0.6413	0.6415
688	0.536	0.0	0.0	0.542	0.536	0.6414	0.0025	0.0025	0.6411	0.6414
689	0.49	0.0	0.0	0.6	0.49	0.6412	0.0025	0.0025	0.6411	0.6412
690	0.558	0.0	0.0	0.662	0.558	0.641	0.0025	0.0025	0.6411	0.641
691	0.498	0.0	0.0	0.608	0.498	0.6408	0.0025	0.0025	0.641	0.6408
692	0.492	0.0	0.0	0.534	0.492	0.6406	0.0025	0.0025	0.6409	0.6406
693	0.594	0.0	0.0	0.598	0.594	0.6406	0.0025	0.0025	0.6408	0.6406
694	0.546	0.0	0.0	0.546	0.546	0.6404	0.0025	0.0025	0.6407	0.6404
695	0.54	0.0	0.0	0.54	0.54	0.6403	0.0025	0.0025	0.6405	0.6403
696	0.616	0.0	0.0	0.616	0.616	0.6402	0.0025	0.0025	0.6405	0.6402
697	0.508	0.0	0.0	0.508	0.508	0.64	0.0025	0.0025	0.6403	0.64
698	0.516	0.0	0.0	0.516	0.516	0.6399	0.0025	0.0025	0.6401	0.6399
699	0.476	0.0	0.0	0.476	0.476	0.6396	0.0025	0.0025	0.6399	0.6396
700	0.532	0.0	0.0	0.532	0.532	0.6395	0.0025	0.0025	0.6398	0.6395
701	0.438	0.0	0.0	0.438	0.438	0.6392	0.0025	0.0025	0.6395	0.6392
702	0.552	0.0	0.0	0.552	0.552	0.6391	0.0025	0.0025	0.6393	0.6391
703	0.432	0.0	0.0	0.432	0.432	0.6388	0.0025	0.0025	0.639	0.6388
704	0.412	0.0	0.0	0.412	0.412	0.6385	0.0025	0.0025	0.6387	0.6385
705	0.51	0.0	0.0	0.51	0.51	0.6383	0.0025	0.0025	0.6385	0.6383
706	0.462	0.0	0.0	0.462	0.462	0.638	0.0025	0.0025	0.6383	0.638
707	0.494	0.0	0.0	0.494	0.494	0.6378	0.0024	0.0024	0.6381	0.6378
708	0.54	0.0	0.0	0.54	0.54	0.6377	0.0024	0.0024	0.6379	0.6377
709	0.484	0.0	0.0	0.484	0.484	0.6375	0.0024	0.0024	0.6377	0.6375
710	0.48	0.0	0.0	0.48	0.48	0.6372	0.0024	0.0024	0.6375	0.6372
711	0.574	0.0	0.0	0.574	0.574	0.6372	0.0024	0.0024	0.6374	0.6372
712	0.438	0.0	0.0	0.438	0.438	0.6369	0.0024	0.0024	0.6371	0.6369
713	0.598	0.0	0.0	0.598	0.598	0.6368	0.0024	0.0024	0.6371	0.6368
714	0.444	0.0	0.0	0.444	0.444	0.6365	0.0024	0.0024	0.6368	0.6365
715	0.492	0.0	0.0	0.492	0.492	0.6363	0.0024	0.0024	0.6366	0.6363
716	0.536	0.0	0.0	0.534	0.536	0.6362	0.0024	0.0024	0.6365	0.6362
717	0.422	0.0	0.0	0.418	0.422	0.6359	0.0024	0.0024	0.6362	0.6359
718	0.56	0.0	0.0	0.554	0.56	0.6358	0.0024	0.0024	0.6361	0.6358
719	0.57	0.0	0.0	0.562	0.57	0.6357	0.0024	0.0024	0.6359	0.6357
720	0.518	0.0	0.0	0.518	0.518	0.6355	0.0024	0.0024	0.6358	0.6355
721	0.628	0.0	0.0	0.618	0.628	0.6355	0.0024	0.0024	0.6358	0.6355
722	0.598	0.0	0.0	0.59	0.598	0.6355	0.0024	0.0024	0.6357	0.6355
723	0.546	0.0	0.0	0.538	0.546	0.6354	0.0024	0.0024	0.6356	0.6354
724	0.532	0.0	0.0	0.524	0.532	0.6352	0.0024	0.0024	0.6354	0.6352
725	0.674	0.0	0.0	0.664	0.674	0.6353	0.0024	0.0024	0.6354	0.6353
726	0.568	0.0	0.0	0.556	0.568	0.6352	0.0024	0.0024	0.6353	0.6352
727	0.588	0.0	0.0	0.588	0.588	0.6351	0.0024	0.0024	0.6353	0.6351
728	0.602	0.0	0.0	0.588	0.602	0.6351	0.0024	0.0024	0.6352	0.6351
729	0.606	0.0	0.0	0.596	0.606	0.635	0.0024	0.0024	0.6352	0.635
730	0.562	0.0	0.0	0.546	0.562	0.6349	0.0024	0.0024	0.635	0.6349
731	0.546	0.0	0.0	0.524	0.546	0.6348	0.0024	0.0024	0.6349	0.6348
732	0.518	0.0	0.0	0.496	0.518	0.6346	0.0024	0.0024	0.6347	0.6346
733	0.58	0.0	0.0	0.558	0.58	0.6346	0.0024	0.0024	0.6346	0.6346
734	0.562	0.0	0.0	0.54	0.562	0.6345	0.0024	0.0024	0.6345	0.6345
735	0.524	0.0	0.0	0.502	0.524	0.6343	0.0024	0.0024	0.6343	0.6343
736	0.508	0.0	0.0	0.484	0.508	0.6341	0.0024	0.0024	0.6341	0.6341
737	0.55	0.0	0.0	0.56	0.55	0.634	0.0023	0.0023	0.634	0.634
738	0.582	0.0	0.0	0.562	0.582	0.634	0.0023	0.0023	0.6339	0.634
739	0.594	0.0	0.0	0.576	0.594	0.6339	0.0023	0.0023	0.6338	0.6339
740	0.618	0.0	0.0	0.6	0.618	0.6339	0.0023	0.0023	0.6337	0.6339
741	0.558	0.0	0.0	0.55	0.558	0.6338	0.0023	0.0023	0.6336	0.6338
742	0.552	0.0	0.0	0.536	0.552	0.6337	0.0023	0.0023	0.6335	0.6337
743	0.508	0.0	0.0	0.492	0.508	0.6335	0.0023	0.0023	0.6333	0.6335
744	0.544	0.0	0.0	0.524	0.544	0.6334	0.0023	0.0023	0.6332	0.6334
745	0.61	0.0	0.0	0.594	0.61	0.6334	0.0023	0.0023	0.6331	0.6334
746	0.6	0.0	0.0	0.588	0.6	0.6333	0.0023	0.0023	0.6331	0.6333
747	0.542	0.0	0.0	0.544	0.542	0.6332	0.0023	0.0023	0.6329	0.6332
748	0.608	0.0	0.0	0.592	0.608	0.6332	0.0023	0.0023	0.6329	0.6332
749	0.554	0.0	0.0	0.552	0.554	0.633	0.0023	0.0023	0.6328	0.633
750	0.518	0.0	0.0	0.508	0.518	0.6329	0.0023	0.0023	0.6326	0.6329
751	0.632	0.0	0.0	0.618	0.632	0.6329	0.0023	0.0023	0.6326	0.6329
752	0.544	0.0	0.0	0.532	0.544	0.6328	0.0023	0.0023	0.6325	0.6328
753	0.632	0.0	0.0	0.614	0.632	0.6328	0.0023	0.0023	0.6324	0.6328
754	0.526	0.0	0.0	0.504	0.526	0.6326	0.0023	0.0023	0.6323	0.6326
755	0.67	0.0	0.0	0.65	0.67	0.6327	0.0023	0.0023	0.6323	0.6327
756	0.534	0.0	0.0	0.534	0.534	0.6326	0.0023	0.0023	0.6322	0.6326
757	0.58	0.0	0.0	0.562	0.58	0.6325	0.0023	0.0023	0.6321	0.6325
758	0.502	0.0	0.0	0.486	0.502	0.6323	0.0023	0.0023	0.6319	0.6323
759	0.612	0.0	0.0	0.596	0.612	0.6323	0.0023	0.0023	0.6318	0.6323
760	0.544	0.0	0.0	0.546	0.544	0.6322	0.0023	0.0023	0.6317	0.6322
761	0.59	0.0	0.0	0.572	0.59	0.6321	0.0023	0.0023	0.6316	0.6321
762	0.474	0.0	0.0	0.456	0.474	0.6319	0.0023	0.0023	0.6314	0.6319
763	0.652	0.0	0.0	0.638	0.652	0.6319	0.0023	0.0023	0.6314	0.6319
764	0.526	0.0	0.0	0.53	0.526	0.6318	0.0023	0.0023	0.6313	0.6318
765	0.606	0.0	0.0	0.59	0.606	0.6318	0.0023	0.0023	0.6312	0.6318
766	0.424	0.0	0.0	0.404	0.424	0.6315	0.0023	0.0023	0.6309	0.6315
767	0.644	0.0	0.0	0.628	0.644	0.6315	0.0023	0.0023	0.6309	0.6315
768	0.586	0.0	0.0	0.584	0.586	0.6314	0.0023	0.0023	0.6309	0.6314
769	0.616	0.0	0.0	0.604	0.616	0.6314	0.0022	0.0022	0.6308	0.6314
770	0.446	0.0	0.0	0.432	0.446	0.6312	0.0022	0.0022	0.6306	0.6312
771	0.676	0.0	0.0	0.65	0.676	0.6312	0.0022	0.0022	0.6306	0.6312
772	0.594	0.0	0.0	0.594	0.594	0.6312	0.0022	0.0022	0.6305	0.6312
773	0.6	0.0	0.0	0.58	0.6	0.6312	0.0022	0.0022	0.6305	0.6312
774	0.424	0.0	0.0	0.41	0.424	0.6309	0.0022	0.0022	0.6302	0.6309
775	0.56	0.0	0.0	0.546	0.56	0.6308	0.0022	0.0022	0.6301	0.6308
776	0.546	0.0	0.0	0.546	0.546	0.6307	0.0022	0.0022	0.63	0.6307
777	0.568	0.0	0.0	0.568	0.568	0.6306	0.0022	0.0022	0.6299	0.6306
778	0.43	0.0	0.0	0.43	0.43	0.6303	0.0022	0.0022	0.6296	0.6303
779	0.536	0.0	0.0	0.536	0.536	0.6302	0.0022	0.0022	0.6295	0.6302
780	0.56	0.0	0.0	0.56	0.56	0.6301	0.0022	0.0022	0.6294	0.6301
781	0.502	0.0	0.0	0.502	0.502	0.63	0.0022	0.0022	0.6293	0.63
782	0.494	0.0	0.0	0.494	0.494	0.6298	0.0022	0.0022	0.6291	0.6298
783	0.43	0.0	0.0	0.432	0.43	0.6295	0.0022	0.0022	0.6288	0.6295
784	0.494	0.0	0.0	0.492	0.494	0.6294	0.0022	0.0022	0.6287	0.6294
785	0.514	0.0	0.0	0.514	0.514	0.6292	0.0022	0.0022	0.6285	0.6292
786	0.456	0.0	0.0	0.458	0.456	0.629	0.0022	0.0022	0.6283	0.629
787	0.372	0.0	0.0	0.372	0.372	0.6287	0.0022	0.0022	0.628	0.6287
788	0.444	0.0	0.0	0.444	0.444	0.6284	0.0022	0.0022	0.6277	0.6284
789	0.464	0.0	0.0	0.464	0.464	0.6282	0.0022	0.0022	0.6275	0.6282
790	0.358	0.0	0.0	0.44	0.358	0.6279	0.0022	0.0022	0.6273	0.6279
791	0.342	0.0	0.0	0.422	0.342	0.6275	0.0022	0.0022	0.627	0.6275
792	0.386	0.0	0.0	0.386	0.386	0.6272	0.0022	0.0022	0.6267	0.6272
793	0.446	0.0	0.0	0.522	0.446	0.627	0.0022	0.0022	0.6266	0.627
794	0.416	0.0	0.0	0.4	0.416	0.6267	0.0022	0.0022	0.6263	0.6267
795	0.356	0.0	0.0	0.36	0.356	0.6264	0.0022	0.0022	0.626	0.6264
796	0.392	0.0	0.0	0.388	0.392	0.6261	0.0022	0.0022	0.6257	0.6261
797	0.452	0.0	0.0	0.456	0.452	0.6259	0.0022	0.0022	0.6255	0.6259
798	0.4	0.0	0.0	0.398	0.4	0.6256	0.0022	0.0022	0.6252	0.6256
799	0.306	0.0	0.0	0.3	0.306	0.6252	0.0022	0.0022	0.6248	0.6252
800	0.414	0.0	0.0	0.402	0.414	0.6249	0.0022	0.0022	0.6245	0.6249
801	0.398	0.0	0.0	0.418	0.398	0.6246	0.0022	0.0022	0.6242	0.6246
802	0.364	0.0	0.0	0.382	0.364	0.6243	0.0022	0.0022	0.6239	0.6243
803	0.316	0.0	0.0	0.338	0.316	0.6239	0.0022	0.0022	0.6236	0.6239
804	0.428	0.0	0.0	0.438	0.428	0.6237	0.0022	0.0022	0.6234	0.6237
805	0.352	0.0	0.0	0.384	0.352	0.6234	0.0021	0.0021	0.6231	0.6234
806	0.282	0.0	0.0	0.306	0.282	0.6229	0.0021	0.0021	0.6227	0.6229
807	0.298	0.0	0.0	0.302	0.298	0.6225	0.0021	0.0021	0.6223	0.6225
808	0.338	0.0	0.0	0.312	0.338	0.6222	0.0021	0.0021	0.6219	0.6222
809	0.284	0.0	0.0	0.262	0.284	0.6218	0.0021	0.0021	0.6214	0.6218
810	0.254	0.0	0.0	0.248	0.254	0.6213	0.0021	0.0021	0.621	0.6213
811	0.338	0.0	0.0	0.296	0.338	0.621	0.0021	0.0021	0.6206	0.621
812	0.408	0.0	0.0	0.366	0.408	0.6207	0.0021	0.0021	0.6203	0.6207
813	0.278	0.0	0.0	0.268	0.278	0.6203	0.0021	0.0021	0.6198	0.6203
814	0.292	0.0	0.0	0.282	0.292	0.6199	0.0021	0.0021	0.6194	0.6199
815	0.372	0.0	0.0	0.362	0.372	0.6196	0.0021	0.0021	0.6191	0.6196
816	0.446	0.0	0.0	0.436	0.446	0.6194	0.0021	0.0021	0.6189	0.6194
817	0.234	0.0	0.0	0.224	0.234	0.6189	0.0021	0.0021	0.6184	0.6189
818	0.368	0.0	0.0	0.362	0.368	0.6186	0.0021	0.0021	0.6181	0.6186
819	0.402	0.0	0.0	0.396	0.402	0.6183	0.0021	0.0021	0.6178	0.6183
820	0.38	0.0	0.0	0.38	0.38	0.618	0.0021	0.0021	0.6175	0.618
821	0.224	0.0	0.0	0.22	0.224	0.6175	0.0021	0.0021	0.617	0.6175
822	0.438	0.0	0.0	0.442	0.438	0.6173	0.0021	0.0021	0.6168	0.6173
823	0.488	0.0	0.0	0.49	0.488	0.6172	0.0021	0.0021	0.6167	0.6172
824	0.284	0.0	0.0	0.284	0.284	0.6168	0.0021	0.0021	0.6163	0.6168
825	0.332	0.0	0.0	0.328	0.332	0.6164	0.0021	0.0021	0.6159	0.6164
826	0.502	0.0	0.0	0.496	0.502	0.6163	0.0021	0.0021	0.6158	0.6163
827	0.428	0.0	0.0	0.42	0.428	0.616	0.0021	0.0021	0.6155	0.616
828	0.29	0.0	0.0	0.29	0.29	0.6157	0.0021	0.0021	0.6151	0.6157
829	0.418	0.0	0.0	0.42	0.418	0.6154	0.0021	0.0021	0.6149	0.6154
830	0.484	0.0	0.0	0.484	0.484	0.6153	0.0021	0.0021	0.6147	0.6153
831	0.396	0.0	0.0	0.392	0.396	0.615	0.0021	0.0021	0.6145	0.615
832	0.302	0.0	0.0	0.302	0.302	0.6146	0.0021	0.0021	0.6141	0.6146
833	0.416	0.0	0.0	0.414	0.416	0.6144	0.0021	0.0021	0.6139	0.6144
834	0.514	0.0	0.0	0.512	0.514	0.6143	0.0021	0.0021	0.6137	0.6143
835	0.53	0.0	0.0	0.528	0.53	0.6142	0.0021	0.0021	0.6136	0.6142
836	0.374	0.0	0.0	0.372	0.374	0.6139	0.0021	0.0021	0.6133	0.6139
837	0.436	0.0	0.0	0.434	0.436	0.6137	0.0021	0.0021	0.6131	0.6137
838	0.46	0.0	0.0	0.46	0.46	0.6135	0.0021	0.0021	0.6129	0.6135
839	0.498	0.0	0.0	0.496	0.498	0.6133	0.0021	0.0021	0.6128	0.6133
840	0.508	0.0	0.0	0.508	0.508	0.6132	0.0021	0.0021	0.6127	0.6132
841	0.558	0.0	0.0	0.556	0.558	0.6131	0.0021	0.0021	0.6126	0.6131
842	0.546	0.0	0.0	0.544	0.546	0.6131	0.0021	0.0021	0.6125	0.6131
843	0.46	0.0	0.0	0.452	0.46	0.6129	0.0021	0.0021	0.6123	0.6129
844	0.506	0.0	0.0	0.492	0.506	0.6128	0.002	0.002	0.6122	0.6128
845	0.474	0.0	0.0	0.452	0.474	0.6126	0.002	0.002	0.612	0.6126
846	0.508	0.0	0.0	0.47	0.508	0.6125	0.002	0.002	0.6118	0.6125
847	0.558	0.0	0.0	0.524	0.558	0.6124	0.002	0.002	0.6117	0.6124
848	0.472	0.0	0.0	0.416	0.472	0.6122	0.002	0.002	0.6115	0.6122
849	0.544	0.0	0.0	0.504	0.544	0.6122	0.002	0.002	0.6114	0.6122
850	0.516	0.0	0.0	0.476	0.516	0.612	0.002	0.002	0.6112	0.612
851	0.52	0.0	0.0	0.492	0.52	0.6119	0.002	0.002	0.6111	0.6119
852	0.502	0.0	0.0	0.48	0.502	0.6118	0.002	0.002	0.6109	0.6118
853	0.476	0.0	0.0	0.446	0.476	0.6117	0.002	0.002	0.6107	0.6117
854	0.464	0.0	0.0	0.442	0.464	0.6115	0.002	0.002	0.6105	0.6115
855	0.454	0.0	0.0	0.44	0.454	0.6113	0.002	0.002	0.6103	0.6113
856	0.446	0.0	0.0	0.436	0.446	0.6111	0.002	0.002	0.6101	0.6111
857	0.438	0.0	0.0	0.434	0.438	0.6109	0.002	0.002	0.6099	0.6109
858	0.42	0.0	0.0	0.388	0.42	0.6107	0.002	0.002	0.6097	0.6107
859	0.406	0.0	0.0	0.364	0.406	0.6104	0.002	0.002	0.6094	0.6104
860	0.39	0.0	0.0	0.332	0.39	0.6102	0.002	0.002	0.6091	0.6102
861	0.362	0.0	0.0	0.31	0.362	0.6099	0.002	0.002	0.6087	0.6099
862	0.392	0.0	0.0	0.284	0.392	0.6096	0.002	0.002	0.6083	0.6096
863	0.476	0.0	0.0	0.398	0.476	0.6095	0.002	0.002	0.6081	0.6095
864	0.41	0.0	0.0	0.342	0.41	0.6093	0.002	0.002	0.6078	0.6093
865	0.348	0.0	0.0	0.268	0.348	0.609	0.002	0.002	0.6074	0.609
866	0.476	0.0	0.0	0.34	0.476	0.6088	0.002	0.002	0.6071	0.6088
867	0.514	0.0	0.0	0.438	0.514	0.6087	0.002	0.002	0.6069	0.6087
868	0.496	0.0	0.0	0.404	0.496	0.6086	0.002	0.002	0.6067	0.6086
869	0.582	0.0	0.0	0.478	0.582	0.6085	0.002	0.002	0.6065	0.6085
870	0.552	0.0	0.0	0.444	0.552	0.6085	0.002	0.002	0.6063	0.6085
871	0.49	0.0	0.0	0.406	0.49	0.6083	0.002	0.002	0.6061	0.6083
872	0.48	0.0	0.0	0.442	0.48	0.6082	0.002	0.002	0.6059	0.6082
873	0.43	0.0	0.0	0.37	0.43	0.608	0.002	0.002	0.6056	0.608
874	0.43	0.0	0.0	0.422	0.43	0.6078	0.002	0.002	0.6054	0.6078
875	0.28	0.0	0.0	0.28	0.28	0.6074	0.002	0.002	0.6051	0.6074
876	0.44	0.0	0.0	0.44	0.44	0.6072	0.002	0.002	0.6049	0.6072
877	0.288	0.0	0.0	0.288	0.288	0.6068	0.002	0.002	0.6045	0.6068
878	0.468	0.0	0.0	0.468	0.468	0.6067	0.002	0.002	0.6043	0.6067
879	0.356	0.0	0.0	0.356	0.356	0.6064	0.002	0.002	0.6041	0.6064
880	0.388	0.0	0.0	0.388	0.388	0.6062	0.002	0.002	0.6038	0.6062
881	0.414	0.0	0.0	0.414	0.414	0.6059	0.002	0.002	0.6036	0.6059
882	0.294	0.0	0.0	0.294	0.294	0.6056	0.002	0.002	0.6033	0.6056
883	0.384	0.0	0.0	0.384	0.384	0.6053	0.002	0.002	0.603	0.6053
884	0.336	0.0	0.0	0.336	0.336	0.605	0.002	0.002	0.6027	0.605
885	0.422	0.0	0.0	0.422	0.422	0.6048	0.002	0.002	0.6025	0.6048
886	0.38	0.0	0.0	0.376	0.38	0.6046	0.002	0.002	0.6022	0.6046
887	0.51	0.0	0.0	0.492	0.51	0.6045	0.002	0.002	0.6021	0.6045
888	0.534	0.0	0.0	0.526	0.534	0.6044	0.0019	0.0019	0.602	0.6044
889	0.442	0.0	0.0	0.43	0.442	0.6042	0.0019	0.0019	0.6018	0.6042
890	0.488	0.0	0.0	0.476	0.488	0.6041	0.0019	0.0019	0.6017	0.6041
891	0.568	0.0	0.0	0.55	0.568	0.604	0.0019	0.0019	0.6016	0.604
892	0.56	0.0	0.0	0.544	0.56	0.604	0.0019	0.0019	0.6016	0.604
893	0.564	0.0	0.0	0.544	0.564	0.6039	0.0019	0.0019	0.6015	0.6039
894	0.538	0.0	0.0	0.508	0.538	0.6039	0.0019	0.0019	0.6014	0.6039
895	0.446	0.0	0.0	0.406	0.446	0.6037	0.0019	0.0019	0.6012	0.6037
896	0.454	0.0	0.0	0.408	0.454	0.6035	0.0019	0.0019	0.601	0.6035
897	0.498	0.0	0.0	0.408	0.498	0.6034	0.0019	0.0019	0.6008	0.6034
898	0.486	0.0	0.0	0.392	0.486	0.6033	0.0019	0.0019	0.6005	0.6033
899	0.45	0.0	0.0	0.386	0.45	0.6031	0.0019	0.0019	0.6003	0.6031
900	0.42	0.0	0.0	0.374	0.42	0.6029	0.0019	0.0019	0.6	0.6029
901	0.416	0.0	0.0	0.378	0.416	0.6027	0.0019	0.0019	0.5998	0.6027
902	0.39	0.0	0.0	0.354	0.39	0.6024	0.0019	0.0019	0.5995	0.6024
903	0.414	0.0	0.0	0.376	0.414	0.6022	0.0019	0.0019	0.5993	0.6022
904	0.424	0.0	0.0	0.386	0.424	0.602	0.0019	0.0019	0.599	0.602
905	0.426	0.0	0.0	0.392	0.426	0.6018	0.0019	0.0019	0.5988	0.6018
906	0.456	0.0	0.0	0.42	0.456	0.6017	0.0019	0.0019	0.5986	0.6017
907	0.464	0.0	0.0	0.422	0.464	0.6015	0.0019	0.0019	0.5984	0.6015
908	0.478	0.0	0.0	0.438	0.478	0.6014	0.0019	0.0019	0.5982	0.6014
909	0.482	0.0	0.0	0.432	0.482	0.6013	0.0019	0.0019	0.5981	0.6013
910	0.46	0.0	0.0	0.41	0.46	0.6011	0.0019	0.0019	0.5978	0.6011
911	0.466	0.0	0.0	0.416	0.466	0.601	0.0019	0.0019	0.5976	0.601
912	0.452	0.0	0.0	0.404	0.452	0.6008	0.0019	0.0019	0.5974	0.6008
913	0.412	0.0	0.0	0.366	0.412	0.6006	0.0019	0.0019	0.5972	0.6006
914	0.404	0.0	0.0	0.362	0.404	0.6004	0.0019	0.0019	0.5969	0.6004
915	0.414	0.0	0.0	0.38	0.414	0.6002	0.0019	0.0019	0.5967	0.6002
916	0.408	0.0	0.0	0.384	0.408	0.6	0.0019	0.0019	0.5965	0.6
917	0.386	0.0	0.0	0.368	0.386	0.5997	0.0019	0.0019	0.5962	0.5997
918	0.364	0.0	0.0	0.35	0.364	0.5995	0.0019	0.0019	0.5959	0.5995
919	0.346	0.0	0.0	0.334	0.346	0.5992	0.0019	0.0019	0.5956	0.5992
920	0.366	0.0	0.0	0.364	0.366	0.5989	0.0019	0.0019	0.5954	0.5989
921	0.318	0.0	0.0	0.316	0.318	0.5986	0.0019	0.0019	0.5951	0.5986
922	0.356	0.0	0.0	0.356	0.356	0.5984	0.0019	0.0019	0.5948	0.5984
923	0.36	0.0	0.0	0.36	0.36	0.5981	0.0019	0.0019	0.5946	0.5981
924	0.344	0.0	0.0	0.344	0.344	0.5978	0.0019	0.0019	0.5943	0.5978
925	0.328	0.0	0.0	0.328	0.328	0.5976	0.0019	0.0019	0.594	0.5976
926	0.336	0.0	0.0	0.336	0.336	0.5973	0.0019	0.0019	0.5937	0.5973
927	0.336	0.0	0.0	0.336	0.336	0.597	0.0019	0.0019	0.5935	0.597
928	0.338	0.0	0.0	0.338	0.338	0.5967	0.0019	0.0019	0.5932	0.5967
929	0.332	0.0	0.0	0.332	0.332	0.5964	0.0019	0.0019	0.5929	0.5964
930	0.318	0.0	0.0	0.318	0.318	0.5961	0.0019	0.0019	0.5926	0.5961
931	0.31	0.0	0.0	0.31	0.31	0.5958	0.0019	0.0019	0.5923	0.5958
932	0.3	0.0	0.0	0.3	0.3	0.5955	0.0019	0.0019	0.592	0.5955
933	0.3	0.0	0.0	0.3	0.3	0.5952	0.0019	0.0019	0.5917	0.5952
934	0.282	0.0	0.0	0.282	0.282	0.5948	0.0019	0.0019	0.5914	0.5948
935	0.278	0.0	0.0	0.278	0.278	0.5945	0.0019	0.0019	0.591	0.5945
936	0.276	0.0	0.0	0.276	0.276	0.5942	0.0018	0.0018	0.5907	0.5942
937	0.292	0.0	0.0	0.286	0.292	0.5938	0.0018	0.0018	0.5904	0.5938
938	0.286	0.0	0.0	0.274	0.286	0.5935	0.0018	0.0018	0.59	0.5935
939	0.314	0.0	0.0	0.298	0.314	0.5932	0.0018	0.0018	0.5897	0.5932
940	0.284	0.0	0.0	0.274	0.284	0.5929	0.0018	0.0018	0.5894	0.5929
941	0.258	0.0	0.0	0.272	0.258	0.5925	0.0018	0.0018	0.589	0.5925
942	0.326	0.0	0.0	0.358	0.326	0.5923	0.0018	0.0018	0.5888	0.5923
943	0.386	0.0	0.0	0.442	0.386	0.592	0.0018	0.0018	0.5886	0.592
944	0.366	0.0	0.0	0.44	0.366	0.5918	0.0018	0.0018	0.5885	0.5918
945	0.354	0.0	0.0	0.43	0.354	0.5915	0.0018	0.0018	0.5883	0.5915
946	0.362	0.0	0.0	0.522	0.362	0.5913	0.0018	0.0018	0.5882	0.5913
947	0.512	0.0	0.0	0.598	0.512	0.5912	0.0018	0.0018	0.5882	0.5912
948	0.42	0.0	0.0	0.512	0.42	0.591	0.0018	0.0018	0.5882	0.591
949	0.404	0.0	0.0	0.612	0.404	0.5908	0.0018	0.0018	0.5882	0.5908
950	0.528	0.0	0.0	0.598	0.528	0.5908	0.0018	0.0018	0.5882	0.5908
951	0.446	0.0	0.0	0.59	0.446	0.5906	0.0018	0.0018	0.5882	0.5906
952	0.594	0.0	0.0	0.632	0.594	0.5906	0.0018	0.0018	0.5883	0.5906
953	0.582	0.0	0.0	0.704	0.582	0.5906	0.0018	0.0018	0.5884	0.5906
954	0.58	0.0	0.0	0.658	0.58	0.5906	0.0018	0.0018	0.5884	0.5906
955	0.77	0.0	0.0	0.722	0.77	0.5908	0.0018	0.0018	0.5886	0.5908
956	0.8	0.0	0.0	0.736	0.8	0.591	0.0018	0.0018	0.5887	0.591
957	0.78	0.0	0.0	0.722	0.78	0.5912	0.0018	0.0018	0.5889	0.5912
958	0.714	0.0	0.0	0.658	0.714	0.5913	0.0018	0.0018	0.5889	0.5913
959	0.742	0.0	0.0	0.678	0.742	0.5915	0.0018	0.0018	0.589	0.5915
960	0.754	0.0	0.0	0.674	0.754	0.5917	0.0018	0.0018	0.5891	0.5917
961	0.746	0.0	0.0	0.666	0.746	0.5918	0.0018	0.0018	0.5892	0.5918
962	0.704	0.0	0.0	0.614	0.704	0.5919	0.0018	0.0018	0.5892	0.5919
963	0.668	0.0	0.0	0.594	0.668	0.592	0.0018	0.0018	0.5892	0.592
964	0.594	0.0	0.0	0.458	0.594	0.592	0.0018	0.0018	0.5891	0.592
965	0.66	0.0	0.0	0.544	0.66	0.5921	0.0018	0.0018	0.5891	0.5921
966	0.596	0.0	0.0	0.406	0.596	0.5921	0.0018	0.0018	0.5889	0.5921
967	0.668	0.0	0.0	0.526	0.668	0.5922	0.0018	0.0018	0.5888	0.5922
968	0.802	0.0	0.0	0.504	0.802	0.5924	0.0018	0.0018	0.5887	0.5924
969	0.702	0.0	0.0	0.606	0.702	0.5925	0.0018	0.0018	0.5887	0.5925
970	0.82	0.0	0.0	0.736	0.82	0.5927	0.0018	0.0018	0.5889	0.5927
971	0.694	0.0	0.0	0.62	0.694	0.5928	0.0018	0.0018	0.5889	0.5928
972	0.782	0.0	0.0	0.704	0.782	0.593	0.0018	0.0018	0.589	0.593
973	0.616	0.0	0.0	0.542	0.616	0.5931	0.0018	0.0018	0.589	0.5931
974	0.614	0.0	0.0	0.594	0.614	0.5931	0.0018	0.0018	0.589	0.5931
975	0.71	0.0	0.0	0.698	0.71	0.5932	0.0018	0.0018	0.5891	0.5932
976	0.598	0.0	0.0	0.618	0.598	0.5932	0.0018	0.0018	0.5891	0.5932
977	0.458	0.0	0.0	0.468	0.458	0.5931	0.0018	0.0018	0.589	0.5931
978	0.568	0.0	0.0	0.58	0.568	0.593	0.0018	0.0018	0.589	0.593
979	0.552	0.0	0.0	0.572	0.552	0.593	0.0018	0.0018	0.589	0.593
980	0.464	0.0	0.0	0.478	0.464	0.5929	0.0018	0.0018	0.5889	0.5929
981	0.442	0.0	0.0	0.416	0.442	0.5927	0.0018	0.0018	0.5887	0.5927
982	0.542	0.0	0.0	0.482	0.542	0.5927	0.0018	0.0018	0.5886	0.5927
983	0.472	0.0	0.0	0.446	0.472	0.5925	0.0018	0.0018	0.5884	0.5925
984	0.412	0.0	0.0	0.398	0.412	0.5924	0.0018	0.0018	0.5882	0.5924
985	0.374	0.0	0.0	0.346	0.374	0.5921	0.0018	0.0018	0.588	0.5921
986	0.324	0.0	0.0	0.318	0.324	0.5919	0.0018	0.0018	0.5877	0.5919
987	0.358	0.0	0.0	0.354	0.358	0.5916	0.0018	0.0018	0.5875	0.5916
988	0.368	0.0	0.0	0.386	0.368	0.5914	0.0018	0.0018	0.5873	0.5914
989	0.366	0.0	0.0	0.358	0.366	0.5912	0.0017	0.0017	0.5871	0.5912
990	0.402	0.0	0.0	0.394	0.402	0.591	0.0017	0.0017	0.5869	0.591
991	0.408	0.0	0.0	0.42	0.408	0.5908	0.0017	0.0017	0.5867	0.5908
992	0.368	0.0	0.0	0.414	0.368	0.5906	0.0017	0.0017	0.5865	0.5906
993	0.38	0.0	0.0	0.43	0.38	0.5904	0.0017	0.0017	0.5864	0.5904
994	0.4	0.0	0.0	0.426	0.4	0.5902	0.0017	0.0017	0.5862	0.5902
995	0.432	0.0	0.0	0.46	0.432	0.59	0.0017	0.0017	0.5861	0.59
996	0.472	0.0	0.0	0.49	0.472	0.5899	0.0017	0.0017	0.586	0.5899
997	0.448	0.0	0.0	0.45	0.448	0.5897	0.0017	0.0017	0.5858	0.5897
998	0.46	0.0	0.0	0.454	0.46	0.5896	0.0017	0.0017	0.5857	0.5896
999	0.4	0.0	0.0	0.406	0.4	0.5894	0.0017	0.0017	0.5855	0.5894
1000	0.448	0.0	0.0	0.446	0.448	0.5893	0.0017	0.0017	0.5854	0.5893
1001	0.388	0.0	0.0	0.39	0.388	0.5891	0.0017	0.0017	0.5852	0.5891
1002	0.402	0.0	0.0	0.41	0.402	0.5889	0.0017	0.0017	0.585	0.5889
1003	0.426	0.0	0.0	0.418	0.426	0.5887	0.0017	0.0017	0.5849	0.5887
1004	0.41	0.0	0.0	0.396	0.41	0.5886	0.0017	0.0017	0.5847	0.5886
1005	0.424	0.0	0.0	0.396	0.424	0.5884	0.0017	0.0017	0.5845	0.5884
1006	0.366	0.0	0.0	0.342	0.366	0.5882	0.0017	0.0017	0.5842	0.5882
1007	0.392	0.0	0.0	0.376	0.392	0.588	0.0017	0.0017	0.584	0.588
1008	0.366	0.0	0.0	0.354	0.366	0.5878	0.0017	0.0017	0.5838	0.5878
1009	0.448	0.0	0.0	0.448	0.448	0.5876	0.0017	0.0017	0.5837	0.5876
1010	0.412	0.0	0.0	0.366	0.412	0.5874	0.0017	0.0017	0.5834	0.5874
1011	0.448	0.0	0.0	0.4	0.448	0.5873	0.0017	0.0017	0.5833	0.5873
1012	0.442	0.0	0.0	0.404	0.442	0.5872	0.0017	0.0017	0.5831	0.5872
1013	0.448	0.0	0.0	0.444	0.448	0.587	0.0017	0.0017	0.583	0.587
1014	0.462	0.0	0.0	0.456	0.462	0.5869	0.0017	0.0017	0.5828	0.5869
1015	0.486	0.0	0.0	0.474	0.486	0.5868	0.0017	0.0017	0.5827	0.5868
1016	0.454	0.0	0.0	0.44	0.454	0.5867	0.0017	0.0017	0.5826	0.5867
1017	0.434	0.0	0.0	0.41	0.434	0.5865	0.0017	0.0017	0.5824	0.5865
1018	0.5	0.0	0.0	0.48	0.5	0.5864	0.0017	0.0017	0.5823	0.5864
1019	0.438	0.0	0.0	0.416	0.438	0.5863	0.0017	0.0017	0.5821	0.5863
1020	0.482	0.0	0.0	0.46	0.482	0.5862	0.0017	0.0017	0.582	0.5862
1021	0.526	0.0	0.0	0.498	0.526	0.5861	0.0017	0.0017	0.5819	0.5861
1022	0.538	0.0	0.0	0.478	0.538	0.5861	0.0017	0.0017	0.5818	0.5861
1023	0.546	0.0	0.0	0.49	0.546	0.586	0.0017	0.0017	0.5818	0.586
1024	0.552	0.0	0.0	0.516	0.552	0.586	0.0017	0.0017	0.5817	0.586
1025	0.548	0.0	0.0	0.526	0.548	0.586	0.0017	0.0017	0.5816	0.586
1026	0.514	0.0	0.0	0.504	0.514	0.5859	0.0017	0.0017	0.5816	0.5859
1027	0.478	0.0	0.0	0.47	0.478	0.5858	0.0017	0.0017	0.5815	0.5858
1028	0.472	0.0	0.0	0.466	0.472	0.5857	0.0017	0.0017	0.5813	0.5857
1029	0.47	0.0	0.0	0.474	0.47	0.5856	0.0017	0.0017	0.5812	0.5856
1030	0.496	0.0	0.0	0.492	0.496	0.5855	0.0017	0.0017	0.5811	0.5855
1031	0.506	0.0	0.0	0.498	0.506	0.5854	0.0017	0.0017	0.5811	0.5854
1032	0.49	0.0	0.0	0.488	0.49	0.5853	0.0017	0.0017	0.581	0.5853
1033	0.488	0.0	0.0	0.494	0.488	0.5852	0.0017	0.0017	0.5809	0.5852
1034	0.494	0.0	0.0	0.508	0.494	0.5851	0.0017	0.0017	0.5808	0.5851
1035	0.478	0.0	0.0	0.488	0.478	0.585	0.0017	0.0017	0.5807	0.585
1036	0.498	0.0	0.0	0.554	0.498	0.585	0.0017	0.0017	0.5807	0.585
1037	0.48	0.0	0.0	0.524	0.48	0.5849	0.0017	0.0017	0.5807	0.5849
1038	0.512	0.0	0.0	0.526	0.512	0.5848	0.0017	0.0017	0.5806	0.5848
1039	0.49	0.0	0.0	0.494	0.49	0.5847	0.0017	0.0017	0.5805	0.5847
1040	0.51	0.0	0.0	0.512	0.51	0.5846	0.0017	0.0017	0.5805	0.5846
1041	0.502	0.0	0.0	0.506	0.502	0.5845	0.0017	0.0017	0.5804	0.5845
1042	0.534	0.0	0.0	0.544	0.534	0.5845	0.0017	0.0017	0.5803	0.5845
1043	0.59	0.0	0.0	0.59	0.59	0.5845	0.0017	0.0017	0.5804	0.5845
1044	0.516	0.0	0.0	0.526	0.516	0.5844	0.0017	0.0017	0.5803	0.5844
1045	0.564	0.0	0.0	0.574	0.564	0.5844	0.0017	0.0017	0.5803	0.5844
1046	0.578	0.0	0.0	0.586	0.578	0.5844	0.0017	0.0017	0.5803	0.5844
1047	0.574	0.0	0.0	0.594	0.574	0.5844	0.0017	0.0017	0.5803	0.5844
1048	0.514	0.0	0.0	0.532	0.514	0.5843	0.0017	0.0017	0.5803	0.5843
1049	0.572	0.0	0.0	0.582	0.572	0.5843	0.0016	0.0016	0.5803	0.5843
1050	0.556	0.0	0.0	0.59	0.556	0.5843	0.0016	0.0016	0.5803	0.5843
1051	0.54	0.0	0.0	0.576	0.54	0.5842	0.0016	0.0016	0.5803	0.5842
1052	0.518	0.0	0.0	0.556	0.518	0.5842	0.0016	0.0016	0.5803	0.5842
1053	0.526	0.0	0.0	0.568	0.526	0.5841	0.0016	0.0016	0.5802	0.5841
1054	0.5	0.0	0.0	0.584	0.5	0.584	0.0016	0.0016	0.5802	0.584
1055	0.474	0.0	0.0	0.528	0.474	0.5839	0.0016	0.0016	0.5802	0.5839
1056	0.48	0.0	0.0	0.538	0.48	0.5838	0.0016	0.0016	0.5802	0.5838
1057	0.548	0.0	0.0	0.606	0.548	0.5838	0.0016	0.0016	0.5802	0.5838
1058	0.546	0.0	0.0	0.556	0.546	0.5838	0.0016	0.0016	0.5802	0.5838
1059	0.678	0.0	0.0	0.624	0.678	0.5839	0.0016	0.0016	0.5802	0.5839
1060	0.666	0.0	0.0	0.626	0.666	0.5839	0.0016	0.0016	0.5802	0.5839
1061	0.656	0.0	0.0	0.642	0.656	0.584	0.0016	0.0016	0.5803	0.584
1062	0.476	0.0	0.0	0.538	0.476	0.5839	0.0016	0.0016	0.5803	0.5839
1063	0.486	0.0	0.0	0.628	0.486	0.5838	0.0016	0.0016	0.5803	0.5838
1064	0.55	0.0	0.0	0.622	0.55	0.5838	0.0016	0.0016	0.5803	0.5838
1065	0.62	0.0	0.0	0.678	0.62	0.5838	0.0016	0.0016	0.5804	0.5838
1066	0.502	0.0	0.0	0.574	0.502	0.5837	0.0016	0.0016	0.5804	0.5837
1067	0.57	0.0	0.0	0.646	0.57	0.5837	0.0016	0.0016	0.5805	0.5837
1068	0.702	0.0	0.0	0.728	0.702	0.5838	0.0016	0.0016	0.5806	0.5838
1069	0.61	0.0	0.0	0.624	0.61	0.5839	0.0016	0.0016	0.5807	0.5839
1070	0.668	0.0	0.0	0.684	0.668	0.5839	0.0016	0.0016	0.5808	0.5839
1071	0.664	0.0	0.0	0.636	0.664	0.584	0.0016	0.0016	0.5808	0.584
1072	0.604	0.0	0.0	0.582	0.604	0.584	0.0016	0.0016	0.5808	0.584
1073	0.592	0.0	0.0	0.528	0.592	0.584	0.0016	0.0016	0.5808	0.584
1074	0.548	0.0	0.0	0.47	0.548	0.584	0.0016	0.0016	0.5807	0.584
1075	0.584	0.0	0.0	0.574	0.584	0.584	0.0016	0.0016	0.5807	0.584
1076	0.446	0.0	0.0	0.48	0.446	0.5839	0.0016	0.0016	0.5806	0.5839
1077	0.526	0.0	0.0	0.556	0.526	0.5838	0.0016	0.0016	0.5805	0.5838
1078	0.44	0.0	0.0	0.484	0.44	0.5837	0.0016	0.0016	0.5805	0.5837
1079	0.398	0.0	0.0	0.472	0.398	0.5835	0.0016	0.0016	0.5804	0.5835
1080	0.426	0.0	0.0	0.502	0.426	0.5834	0.0016	0.0016	0.5803	0.5834
1081	0.432	0.0	0.0	0.522	0.432	0.5832	0.0016	0.0016	0.5802	0.5832
1082	0.446	0.0	0.0	0.494	0.446	0.5831	0.0016	0.0016	0.5801	0.5831
1083	0.498	0.0	0.0	0.474	0.498	0.583	0.0016	0.0016	0.58	0.583
1084	0.478	0.0	0.0	0.43	0.478	0.5829	0.0016	0.0016	0.5799	0.5829
1085	0.462	0.0	0.0	0.368	0.462	0.5828	0.0016	0.0016	0.5797	0.5828
1086	0.35	0.0	0.0	0.318	0.35	0.5826	0.0016	0.0016	0.5795	0.5826
1087	0.264	0.0	0.0	0.264	0.264	0.5823	0.0016	0.0016	0.5792	0.5823
1088	0.284	0.0	0.0	0.278	0.284	0.582	0.0016	0.0016	0.5789	0.582
1089	0.332	0.0	0.0	0.33	0.332	0.5818	0.0016	0.0016	0.5787	0.5818
1090	0.332	0.0	0.0	0.33	0.332	0.5816	0.0016	0.0016	0.5784	0.5816
1091	0.458	0.0	0.0	0.454	0.458	0.5815	0.0016	0.0016	0.5783	0.5815
1092	0.562	0.0	0.0	0.54	0.562	0.5815	0.0016	0.0016	0.5783	0.5815
1093	0.532	0.0	0.0	0.432	0.532	0.5814	0.0016	0.0016	0.5782	0.5814
1094	0.636	0.0	0.0	0.514	0.636	0.5815	0.0016	0.0016	0.5781	0.5815
1095	0.562	0.0	0.0	0.542	0.562	0.5814	0.0016	0.0016	0.5781	0.5814
1096	0.642	0.0	0.0	0.756	0.642	0.5815	0.0016	0.0016	0.5782	0.5815
1097	0.814	0.0	0.0	0.814	0.814	0.5817	0.0016	0.0016	0.5785	0.5817
1098	0.726	0.0	0.0	0.728	0.726	0.5818	0.0016	0.0016	0.5786	0.5818
1099	0.622	0.0	0.0	0.628	0.622	0.5819	0.0016	0.0016	0.5786	0.5819
1100	0.554	0.0	0.0	0.522	0.554	0.5818	0.0016	0.0016	0.5786	0.5818
1101	0.5	0.0	0.0	0.47	0.5	0.5818	0.0016	0.0016	0.5785	0.5818
1102	0.692	0.0	0.0	0.642	0.692	0.5819	0.0016	0.0016	0.5785	0.5819
1103	0.686	0.0	0.0	0.74	0.686	0.582	0.0016	0.0016	0.5787	0.582
1104	0.654	0.0	0.0	0.68	0.654	0.582	0.0016	0.0016	0.5788	0.582
1105	0.77	0.0	0.0	0.644	0.77	0.5822	0.0016	0.0016	0.5788	0.5822
1106	0.728	0.0	0.0	0.602	0.728	0.5823	0.0016	0.0016	0.5789	0.5823
1107	0.818	0.0	0.0	0.718	0.818	0.5825	0.0016	0.0016	0.579	0.5825
1108	0.724	0.0	0.0	0.652	0.724	0.5827	0.0016	0.0016	0.5791	0.5827
1109	0.796	0.0	0.0	0.742	0.796	0.5829	0.0016	0.0016	0.5792	0.5829
1110	0.778	0.0	0.0	0.72	0.778	0.583	0.0016	0.0016	0.5793	0.583
1111	0.798	0.0	0.0	0.73	0.798	0.5832	0.0016	0.0016	0.5795	0.5832
1112	0.832	0.0	0.0	0.772	0.832	0.5835	0.0016	0.0016	0.5796	0.5835
1113	0.748	0.0	0.0	0.706	0.748	0.5836	0.0016	0.0016	0.5797	0.5836
1114	0.772	0.0	0.0	0.712	0.772	0.5838	0.0016	0.0016	0.5799	0.5838
1115	0.632	0.0	0.0	0.572	0.632	0.5838	0.0016	0.0016	0.5799	0.5838
1116	0.37	0.0	0.0	0.39	0.37	0.5836	0.0016	0.0016	0.5797	0.5836
1117	0.366	0.0	0.0	0.352	0.366	0.5834	0.0015	0.0015	0.5795	0.5834
1118	0.422	0.0	0.0	0.398	0.422	0.5833	0.0015	0.0015	0.5793	0.5833
1119	0.302	0.0	0.0	0.316	0.302	0.583	0.0015	0.0015	0.5791	0.583
1120	0.3	0.0	0.0	0.322	0.3	0.5828	0.0015	0.0015	0.5789	0.5828
1121	0.432	0.0	0.0	0.432	0.432	0.5827	0.0015	0.0015	0.5787	0.5827
1122	0.496	0.0	0.0	0.498	0.496	0.5826	0.0015	0.0015	0.5787	0.5826
1123	0.562	0.0	0.0	0.568	0.562	0.5826	0.0015	0.0015	0.5786	0.5826
1124	0.594	0.0	0.0	0.594	0.594	0.5826	0.0015	0.0015	0.5787	0.5826
1125	0.626	0.0	0.0	0.626	0.626	0.5826	0.0015	0.0015	0.5787	0.5826
1126	0.658	0.0	0.0	0.64	0.658	0.5827	0.0015	0.0015	0.5788	0.5827
1127	0.68	0.0	0.0	0.636	0.68	0.5828	0.0015	0.0015	0.5788	0.5828
1128	0.802	0.0	0.0	0.772	0.802	0.583	0.0015	0.0015	0.579	0.583
1129	0.726	0.0	0.0	0.718	0.726	0.5831	0.0015	0.0015	0.5791	0.5831
1130	0.88	0.0	0.0	0.88	0.88	0.5833	0.0015	0.0015	0.5794	0.5833
1131	0.964	0.0	0.0	0.964	0.964	0.5837	0.0015	0.0015	0.5797	0.5837
1132	0.91	0.0	0.0	0.898	0.91	0.584	0.0015	0.0015	0.58	0.584
1133	0.894	0.0	0.0	0.886	0.894	0.5842	0.0015	0.0015	0.5803	0.5842
1134	0.86	0.0	0.0	0.88	0.86	0.5845	0.0015	0.0015	0.5805	0.5845
1135	0.778	0.0	0.0	0.784	0.778	0.5847	0.0015	0.0015	0.5807	0.5847
1136	0.846	0.0	0.0	0.846	0.846	0.5849	0.0015	0.0015	0.5809	0.5849
1137	0.878	0.0	0.0	0.878	0.878	0.5851	0.0015	0.0015	0.5812	0.5851
1138	0.91	0.0	0.0	0.91	0.91	0.5854	0.0015	0.0015	0.5815	0.5854
1139	0.872	0.0	0.0	0.872	0.872	0.5857	0.0015	0.0015	0.5817	0.5857
1140	0.848	0.0	0.0	0.848	0.848	0.5859	0.0015	0.0015	0.582	0.5859
1141	0.904	0.0	0.0	0.904	0.904	0.5862	0.0015	0.0015	0.5823	0.5862
1142	0.888	0.0	0.0	0.888	0.888	0.5865	0.0015	0.0015	0.5825	0.5865
1143	0.826	0.0	0.0	0.826	0.826	0.5867	0.0015	0.0015	0.5827	0.5867
1144	0.684	0.0	0.0	0.662	0.684	0.5867	0.0015	0.0015	0.5828	0.5867
1145	0.588	0.0	0.0	0.422	0.588	0.5867	0.0015	0.0015	0.5827	0.5867
1146	0.54	0.0	0.0	0.316	0.54	0.5867	0.0015	0.0015	0.5824	0.5867
1147	0.392	0.0	0.0	0.154	0.392	0.5865	0.0015	0.0015	0.5821	0.5865
1148	0.324	0.0	0.0	0.084	0.324	0.5863	0.0015	0.0015	0.5816	0.5863
1149	0.568	0.0	0.0	0.098	0.568	0.5863	0.0015	0.0015	0.5812	0.5863
1150	0.778	0.0	0.0	0.168	0.778	0.5865	0.0015	0.0015	0.5808	0.5865
1151	0.514	0.0	0.0	0.282	0.514	0.5864	0.0015	0.0015	0.5806	0.5864
1152	0.372	0.0	0.0	0.238	0.372	0.5862	0.0015	0.0015	0.5803	0.5862
1153	0.524	0.0	0.0	0.216	0.524	0.5862	0.0015	0.0015	0.58	0.5862
1154	0.676	0.0	0.0	0.266	0.676	0.5862	0.0015	0.0015	0.5797	0.5862
1155	0.472	0.0	0.0	0.172	0.472	0.5861	0.0015	0.0015	0.5793	0.5861
1156	0.418	0.0	0.0	0.142	0.418	0.586	0.0015	0.0015	0.579	0.586
1157	0.574	0.0	0.0	0.222	0.574	0.586	0.0015	0.0015	0.5787	0.586
1158	0.4	0.0	0.0	0.318	0.4	0.5858	0.0015	0.0015	0.5784	0.5858
1159	0.166	0.0	0.0	0.09	0.166	0.5855	0.0015	0.0015	0.578	0.5855
1160	0.424	0.0	0.0	0.13	0.424	0.5853	0.0015	0.0015	0.5776	0.5853
1161	0.964	0.0	0.0	0.58	0.964	0.5856	0.0015	0.0015	0.5776	0.5856
1162	1.0	0.0	0.0	1.0	1.0	0.586	0.0015	0.0015	0.578	0.586
